29915674 42056141 24722789 22954691 33160112 42583994 30543728 38612915 39831316 39141328 22285075 -1 32815838

ERROR:
Case #2: 365807773 32815871

29915674 + 42056141+ 24722789 +22954691+ 33160112 +42583994 +30543728+ 38612915+ 39831316 + 39141328 + 22285075 + 32815838 + 10 = 398623611

ERROR:
71

33553111 32265669 26160726 42579331 43001576 25038860 42405102 32369845 46087389 25102530 33574046 44507575 24595322 -1 37163539 26761481 30423606 47987512 42751668 30286730 30485781 29906728 40720203 43432330 29705441 36163217 36321867 -1 29435332 42424772 31348724 25065441 32518958 28752278 43119168 27853790 41324390 40340375 36313960 39964284 47239952 -1 42120516 44156219 39118181 30607779 36833167 45530911 27109811 28382185 33972560 46249071 29185523 44297452 27037749 -1 25143948 30106910 24941370 28740029 28239523 44915314 43947071 27724227 47372940 26334112 31413149

Case #8: 474601136 393906115

Another time:
    Case #8: 474601136 488404633

for operations to check:

33553111+ 32265669+ 26160726+ 42579331+ 43001576+ 25038860 +42405102 +32369845 +46087389+ 25102530 +33574046+ 44507575+ 24595322 + 12 +
37163539 = 488404633

37163539+ 26761481 +30423606+ 47987512+ 42751668 +30286730+ 30485781+ 29906728+ 40720203 +43432330 +29705441 +36163217+ 36321867 + 12 +
29435332 = 491545447

29435332+ 42424772 +31348724 +25065441 +32518958+ 28752278+ 43119168+ 27853790+ 41324390 +40340375 +36313960+ 39964284 +47239952 + 12 +
42120516 = 507821952

42120516+ 44156219 +39118181 +30607779 +36833167 +45530911 +27109811 +28382185 +33972560+ 46249071+ 29185523+ 44297452 +27037749 + 12 +
25143948 = 499745084

------------------------------------------------------------------------
Errors:

Case #9: 348021703 53257030

Case #22: 409492624 220608014

-----------------------

Errors:

19
182732859 202275665 -1 167481357 231414301 -1 222673475 135255836 -1 232022216 185347269 -1 178925291 158758247 -1 232345833 227572943 -1 174159362
Case #4: 459918777 174159458 x


Case #7: 483092810 267273197 x
83
31898944 29214518 42092511 25184668 29385058 35064790 31998473 45997396 41379850 43423507 35618027 47299550 29507417 -1 36821189 28117839 45025842 30902916 34279481 41193638 32889160 38567379 42232462 38183746 38090896 36007195 -1 44115403 40369385 43510036 43988006 37646919 31880278 26270559 42949521 46885125 36364435 38334702 32324881 -1 48399080 27209382 33518530 33651480 43809601 38345492 42210225 33599171 26573341 25485695 36832240 45153941 48304620 -1 25412024 24307691 38315136 39136754 26484445 27871932 41677487 25251564 34935483 39919963 44798827 46088228 41523376 25260268 -1 39219136 46850740 37982476 46907640 29116678 41489999 40773885 43423937 27785977 37930601 24242299 26693144 -1 44639934

Case #8: 477622246 269243285 x

83
45672843 40886158 26524235 39489991 30035681 43275259 28412681 45724902 32810328 25475606 44774819 30999220 29329269 -1 31604934 39176189 35468085 28772512 37841236 45799136 39682390 36974370 47463874 43791546 27582904 42518484 -1 41944389 29139173 32351244 37336227 41964183 32598026 27578828 32608922 36612083 34206018 25449572 40259033 31795899 33778636 -1 25750313 47274156 42956086 41930086 38801812 35168899 27361190 25669341 37074973 31762946 30199174 34751987 47888808 -1 41505351 38275050 29154691 41113439 29302603 33237619 45211552 42098221 28294650 46781442 37740110 31975891 -1 42899728 35586818 34138666 47624966 27363674 43775824 37542033 47393486 47596350 35462931 37700907 29780958 -1 46610022

Corrections:

Case #1: 459918777 552489882
Case #2: 483092810 486427157
Case #3: 477622246 487590358


