2

3
1 -1 1

71
33553111 32265669 26160726 42579331 43001576 25038860 42405102 32369845 46087389 25102530 33574046 44507575 24595322 -1 
37163539 26761481 30423606 47987512 42751668 30286730 30485781 29906728 40720203 43432330 29705441 36163217 36321867 -1 
29435332 42424772 31348724 25065441 32518958 28752278 43119168 27853790 41324390 40340375 36313960 39964284 47239952 -1 
42120516 44156219 39118181 30607779 36833167 45530911 27109811 28382185 33972560 46249071 29185523 44297452 27037749 -1 
25143948 30106910 24941370 28740029 28239523 44915314 43947071 27724227 47372940 26334112 31413149