50

1 5
4 7
4 5

16 36
16 12
94 36

596516650 23000073
428685712 189641422
596516650 189641422

783368691 19632786
783368691 102520060
478160381 19632786

304089172 222688882
365180541 222688882
365180541 540383427

14660871 521595369
35005212 162170322
14660871 162170322

278722862 861021531
278722862 233665123
336465783 861021531

145174068 468703136
145174068 395870394
85295453 468703136

315634023 490175108
106596977 490175108
315634023 635723059

28561071 89018457
59961394 89018457
28561071 54145816

72427041 653377374
131176230 653377374
131176230 607790171

608413785 756898538
608413785 459797248
517747628 756898538

149798316 30146042
80978201 38664371
80978201 30146042

412776092 324972892
260655588 324972892
260655588 424268981

137806863 6499768
137806863 42999171
18258955 42999171

511702306 84420926
511702306 54496881
402370166 84420926

572660337 159126506
233090509 41356669
233090509 159126506

100661314 433925858
100661314 84353895
34341670 84353895

939819583 865691
119259648 865691
119259648 1100546

153313173 174323385
153313173 585990365
610515435 174323385

467946188 107813133
477171088 356426809
477171088 107813133

491705403 709393585
491705403 499715481
780695789 709393585

549214422 474612400
752392755 474612400
752392755 314870260

120848385 843993369
411549677 296223274
411549677 843993369

1 0
1 1
0 1

2 1
2 0
6 0

68 2
49 0
49 2

35060062 56690263
330573318 603570493
330573318 56690263

402724286 485560281
402724286 107649160
959997302 485560281

169274578 158487239
194953866 894429690
194953866 158487239

177724267 270744730
221558441 8639737
177724267 8639737

92977305 7905772
114738098 690387
92977305 690387

610120710 791698928
21583857 791698928
21583857 498777856

72075088 522532257
255179498 524872354
255179498 522532257

269455307 192099256
82950912 192099256
269455307 703964684

112805732 31061285
112805732 40332872
160051529 31061285

378409504 26773308
199620254 26773308
378409504 515530020

143347213 4297113
409959709 77486716
409959709 4297113

113403633 168002245
200747797 168002245
200747797 289700724

150122847 439493452
90155839 2269747
150122847 2269747

231192380 338888228
111537764 622597489
231192380 622597489

141527089 269441500
147469842 269441500
141527089 438792351

13628669 116087765
142757035 39237149
142757035 116087765

8936988 982275857
6321447 982275857
8936988 387346491

209098719 841148366
350322228 77985204
350322228 841148366

771151433 39636468
473165004 186452552
473165004 39636468

476153276 213975408
187594922 128448265
476153276 128448265

585567170 53539693
653468859 130794396
653468859 53539693

76065818 203599252
605908236 350573794
76065818 350573794

0 1
1 1
1 0
