25

7 10
6 2 4 2 7 2 6 2 7 7

8 9
2 3 8 5 8 4 3 8 8

9 7
8 6 5 2 9 9 9

8 9
7 8 8 6 6 5 5 3 1

9 8
3 5 5 4 2 3 3 1

96 97
30 80 48 60 62 80 56 63 19 84 96 77 62 96 14 27 16 3 50 65 27 18 86 77 15 70 40 38 63 62 2 49 34 15 7 23 26 72 18 6 41 31 63 35 52 4 27 15 39 57 54 34 56 15 39 38 32 25 24 46 34 4 5 25 45 8 4 40 25 41 39 28 17 21 35 34 13 26 10 3 21 25 27 8 22 17 9 17 4 10 12 4 1 10 2 7 9

94 99
50 5 52 73 70 72 28 65 68 44 16 88 24 80 58 79 47 87 94 73 49 76 67 62 42 31 81 35 45 10 34 84 12 14 72 2 33 18 85 87 83 51 91 28 61 93 39 61 13 1 2 15 20 58 70 83 6 64 64 5 76 19 23 58 65 17 49 71 71 2 30 59 6 15 57 2 5 44 19 48 22 1 35 37 50 12 52 51 37 28 33 43 11 2 28 3 41 35 22

90 95
16 16 48 55 66 18 43 5 49 68 44 1 80 12 15 11 41 63 77 27 73 43 56 19 51 56 27 41 63 64 12 32 2 57 33 54 54 39 40 22 32 18 32 6 1 33 18 3 43 37 7 39 40 33 4 4 19 22 3 4 28 21 32 21 11 20 7 25 14 14 11 5 1 1 18 3 18 6 5 4 11 11 10 3 4 4 7 2 2 1 4 2 1 1 1

96 100
96 31 34 58 66 14 66 70 45 32 67 37 81 7 90 27 66 18 12 70 62 3 8 45 70 42 50 86 43 76 40 61 6 96 87 35 62 2 63 73 4 45 87 93 77 43 67 17 80 70 28 61 56 86 65 81 2 25 67 30 51 31 15 86 41 48 42 73 10 7 7 76 68 92 72 82 22 70 21 7 69 69 61 77 58 80 46 7 16 61 52 54 14 68 71 70 9 24 26 67

92 98
49 13 74 57 56 22 90 67 26 73 1 41 91 45 64 57 57 33 1 38 45 47 92 82 51 85 63 18 73 25 74 42 9 2 44 13 31 2 75 11 25 8 14 4 42 22 41 38 44 8 47 22 7 29 30 40 42 6 13 51 25 19 37 8 44 33 10 39 46 45 14 19 19 25 13 18 37 37 22 22 35 25 32 8 2 19 11 5 26 2 21 9 14 16 15 6 17 6

94 93
37 93 53 42 4 59 5 50 62 94 38 27 61 29 64 41 10 59 35 45 61 44 9 71 88 70 44 55 69 38 52 22 88 51 55 72 4 49 7 69 18 83 43 68 67 25 15 39 53 55 20 7 92 67 32 32 85 1 88 23 32 70 5 60 28 59 76 64 94 9 23 91 86 28 11 82 86 3 9 45 15 26 23 51 62 78 18 75 43 3 72 47 31

100 95
63 59 73 12 31 44 49 93 59 60 90 29 59 72 53 43 29 67 78 95 26 44 87 1 34 45 78 28 62 62 71 31 74 49 47 18 25 66 82 75 99 24 63 8 85 100 22 24 51 2 99 47 20 19 68 29 43 11 86 67 1 92 98 2 96 27 40 45 30 91 15 74 46 87 6 48 20 74 40 60 40 10 45 20 2 75 23 73 73 49 34 67 13 7 21

90 100
55 64 20 55 9 63 28 6 8 73 19 79 32 6 79 65 10 13 9 30 86 15 22 81 55 89 56 21 13 33 75 75 26 35 20 78 58 35 74 18 32 84 82 37 71 57 26 76 26 51 61 9 38 83 48 17 28 31 85 47 3 32 60 16 30 28 6 40 12 68 69 62 37 52 22 63 40 33 87 9 86 56 83 42 27 51 29 27 1 48 75 56 73 7 50 57 58 67 23 18

98 90
36 81 30 7 95 56 25 57 72 14 85 5 63 43 85 19 43 32 26 3 60 11 7 95 19 19 22 54 87 62 62 12 54 19 95 92 86 14 44 46 29 94 71 26 82 76 32 17 45 64 70 95 32 92 70 47 92 72 32 14 42 98 55 76 76 87 98 12 61 43 70 94 38 2 90 89 68 20 27 39 84 62 30 59 64 22 63 57 76 9

93 99
83 89 69 30 2 59 25 39 42 84 24 76 7 8 57 74 3 36 25 30 35 93 52 15 90 59 17 59 9 12 9 28 85 46 40 43 41 3 42 76 58 5 39 58 54 49 36 32 19 31 67 6 61 51 49 16 3 18 59 58 19 46 49 51 48 15 11 10 33 2 8 8 4 12 39 42 11 23 9 13 9 11 6 7 33 33 24 11 5 3 7 8 5 17 20 8 20 11 16

981 1000
376 942 207 393 662 280 237 130 349 879 200 586 177 270 894 132 656 477 342 975 800 872 696 5 784 325 155 784 22 57 479 384 476 240 162 903 211 387 722 924 262 108 605 330 704 570 674 178 250 453 312 737 260 258 510 267 472 571 532 553 851 297 331 316 285 308 498 719 494 714 713 23 79 119 648 302 753 964 608 295 758 93 347 940 906 838 383 672 650 315 617 906 95 502 620 48 703 621 621 458 980 530 684 437 765 37 875 191 467 941 210 557 924 534 931 940 747 845 743 477 711 355 288 427 185 328 391 944 556 508 867 117 72 127 237 812 959 718 955 537 923 864 116 456 302 914 465 293 781 780 195 834 832 36 671 659 2 373 886 661 851 681 821 691 569 241 707 805 202 281 28 622 485 800 851 556 634 154 542 336 639 74 729 611 125 659 758 969 44 802 672 95 521 168 980 374 777 613 761 619 701 823 698 229 588 469 736 40 177 138 423 323 324 209 614 12 619 217 267 706 880 51 951 679 873 144 674 750 403 491 219 296 570 266 742 676 641 216 565 728 559 478 634 224 330 725 678 497 374 790 373 453 639 389 711 348 879 570 283 564 817 960 280 727 516 374 454 507 960 675 545 708 443 359 352 712 550 807 779 864 529 111 260 735 203 216 564 449 719 952 369 17 429 57 102 217 631 481 449 956 256 301 395 234 837 575 183 542 170 519 304 458 258 6 463 5 886 615 697 778 795 303 1 425 688 705 907 79 401 73 490 333 715 949 188 198 61 324 778 310 164 260 116 56 75 56 73 103 40 219 292 475 250 888 449 459 455 690 353 181 34 407 77 928 359 388 946 43 782 223 642 471 32 632 658 610 453 117 704 130 493 571 31 967 830 11 782 893 202 600 271 392 759 347 667 94 227 514 407 322 935 5 812 643 810 680 613 380 605 350 343 222 830 68 203 758 113 271 925 601 281 98 544 895 966 261 744 753 352 719 426 173 89 661 800 891 109 897 681 790 213 289 294 382 337 616 675 823 11 539 153 166 956 934 293 234 946 659 613 876 928 605 402 789 801 465 702 426 291 747 92 526 244 286 387 132 421 776 413 501 462 401 338 779 543 756 70 457 469 430 2 641 869 240 80 675 796 352 744 236 34 604 874 371 238 397 399 188 200 640 675 520 599 362 165 826 151 131 746 697 430 837 624 483 360 275 963 84 66 363 504 582 412 534 150 344 871 151 171 877 329 906 724 421 974 59 592 251 967 475 759 448 824 286 129 617 16 666 599 653 725 953 146 900 76 841 292 425 101 47 433 943 574 295 496 261 18 35 32 669 253 420 393 551 290 915 289 526 545 356 703 421 412 685 171 764 576 169 219 129 915 796 752 847 779 620 266 710 422 876 979 40 246 538 780 22 434 732 941 963 870 347 849 642 702 603 317 897 557 486 141 662 214 566 766 113 917 186 515 410 3 73 341 362 302 619 832 461 520 393 10 249 180 835 747 340 248 339 532 851 214 828 797 109 304 294 899 769 730 405 393 711 68 713 375 643 201 981 275 890 189 127 769 674 433 416 341 2 769 963 886 704 463 99 20 448 653 844 925 734 194 88 12 889 47 758 132 569 943 328 142 572 47 192 40 513 845 412 815 766 89 495 653 732 409 302 224 329 509 806 341 749 93 46 417 74 876 775 969 731 81 543 146 665 935 188 667 526 484 800 322 670 707 874 204 487 122 501 881 48 458 848 853 49 4 139 458 820 542 126 938 636 555 194 287 832 184 873 872 568 487 243 619 88 308 34 912 794 856 903 240 768 803 304 824 92 219 230 811 421 808 451 734 91 838 575 174 430 377 474 728 381 142 661 837 887 153 777 505 276 381 661 816 107 877 122 746 233 164 464 685 316 627 783 909 237 39 310 327 476 481 149 564 206 852 228 955 741 272 211 753 515 684 155 69 58 846 919 804 323 537 279 90 358 961 130 342 280 843 526 529 483 320 970 784 322 121 978 466 45 216 128 188 379 777 116 957 664 212 720 407 96 861 144 346 412 895 554 868 377 403 848 553 552 189 869 599 704 20 862 831 945 816 114 701 167 825 778 246 242 241 836 616 932 622 888 539 462 485 702 731 924 496 824 565 527 815 788 470 476 144 421 567 25 172 617 541 16 383 661 670 503 240 620 61 87 179 486 863 425 518 453 788 803 241 593 818 521 887 467 485 635 258 77 357 583 48 818 338 876 299 655 691 37 35 631 353 624 317 568 459 264 706 337 86 508 31 520 593 607

969 992
50 374 268 256 45 316 712 223 788 403 752 628 604 383 361 583 191 672 614 464 416 531 413 868 440 234 608 478 39 793 165 827 295 341 872 874 298 169 113 563 554 189 433 248 482 129 216 197 21 217 96 483 517 853 274 948 419 14 448 908 85 50 264 962 635 826 947 613 761 393 816 191 438 230 8 921 473 286 722 645 586 390 804 720 92 609 803 265 236 728 61 829 617 253 692 287 566 351 381 437 64 695 11 171 288 929 929 265 890 15 866 135 305 219 861 488 296 300 591 899 782 697 594 268 324 382 394 5 223 90 143 705 945 721 321 58 284 929 263 338 218 267 305 289 719 595 464 88 921 625 858 820 259 356 332 636 188 7 173 206 104 610 911 452 259 691 325 108 903 429 197 843 689 156 895 341 721 125 697 76 493 428 226 574 873 780 184 41 729 213 427 23 346 221 157 155 728 382 846 769 851 255 28 722 780 614 147 494 22 465 882 445 774 789 429 801 223 583 141 72 164 871 570 595 475 356 580 655 285 582 343 113 458 748 132 151 41 154 302 816 781 506 479 542 344 241 731 353 31 813 841 122 233 635 670 517 333 692 618 517 103 542 821 705 339 390 372 697 615 661 511 694 565 686 88 340 576 484 479 208 87 139 560 667 246 333 492 455 216 758 689 267 404 739 379 12 281 540 120 709 161 682 390 109 599 279 144 179 368 254 224 592 359 324 339 514 114 249 731 404 250 396 76 332 728 407 242 12 34 546 498 596 672 36 360 430 275 644 265 638 670 752 634 749 278 572 110 219 498 287 508 135 2 579 308 734 369 418 71 634 616 75 168 394 299 473 98 165 729 412 172 726 602 196 104 661 503 647 288 549 572 237 475 443 73 482 354 512 362 513 540 669 94 87 63 603 416 174 269 97 93 178 404 238 406 161 515 390 75 670 446 57 672 378 591 35 480 240 587 396 539 333 196 232 368 530 664 42 162 116 326 332 369 77 262 533 549 254 508 8 467 484 233 16 164 510 73 310 421 193 601 588 516 48 225 363 205 19 340 292 456 626 199 556 345 37 385 519 609 31 539 577 189 546 365 161 389 411 304 533 243 325 85 124 18 229 41 480 476 134 264 314 234 492 446 291 356 325 297 203 216 31 346 16 594 537 150 438 117 343 433 261 102 116 155 579 100 133 383 569 432 564 131 69 355 202 563 76 434 506 26 472 38 247 1 542 481 61 312 396 543 50 340 550 427 198 321 101 373 129 207 424 403 269 371 94 103 205 315 57 79 264 270 469 61 129 302 485 43 130 137 12 86 390 300 62 407 510 355 271 299 203 469 247 205 43 254 67 381 456 233 264 152 367 439 424 127 453 230 312 432 201 490 78 263 464 122 332 447 114 418 226 57 482 348 174 481 355 25 417 257 105 123 154 281 246 283 422 267 455 220 12 42 359 42 224 178 5 442 414 315 315 9 328 451 431 36 153 314 127 295 89 399 240 424 286 245 158 54 237 301 320 300 254 350 164 261 429 429 241 186 273 155 30 180 82 2 411 215 226 401 379 360 409 57 246 365 332 56 62 12 153 253 148 41 360 350 341 157 121 133 33 22 62 312 300 299 113 7 159 142 208 278 205 100 24 91 32 251 27 271 11 311 22 231 151 208 72 36 169 367 51 332 80 301 218 124 212 291 230 317 28 61 200 214 165 222 279 68 247 167 293 43 115 236 315 168 59 73 120 183 242 139 120 319 212 328 157 254 262 82 285 78 65 298 271 121 306 9 276 1 141 206 103 133 4 116 166 169 239 288 62 295 75 156 188 297 277 149 287 143 74 41 41 18 55 1 82 155 229 271 262 9 142 254 245 197 98 69 202 140 26 247 213 39 179 263 7 206 224 31 140 14 103 232 12 197 180 112 87 182 247 159 120 21 169 19 55 131 202 217 165 95 211 125 44 115 51 112 166 96 236 33 27 109 147 157 219 174 190 193 30 41 155 66 32 55 12 8 11 209 117 47 199 110 85 64 52 53 119 40 121 57 71 80 87 127 150 139 30 57 188 27 41 47 162 124 85 185 123 19 92 56 184 31 65 102 148 127 136 6 25 8 44 13 12 35 159 57 128 3 79 150 140 79 63 85 67 130 146 141 151 153 51 153 85 63 100 33 148 129 52 111 60 22 31 85 72 139 13 27 87 8 88 114 106 114 103 5 71 86 48 111 25 68 114 101 77 103 25 47 90 51 44 14 17 69 105 4 33 103 18

969 988
861 880 279 3 119 398 531 439 60 688 275 159 467 252 676 938 742 960 48 785 244 236 123 25 308 857 343 514 256 83 53 442 945 765 477 764 19 344 334 429 107 166 467 87 179 342 448 64 3 653 551 157 476 6 690 754 579 266 813 172 89 920 603 660 341 99 469 771 948 596 869 894 537 133 151 207 808 361 432 365 395 677 460 27 255 566 1 288 547 672 894 863 500 476 942 141 764 810 359 790 104 618 718 890 112 210 277 21 469 52 145 70 928 622 339 893 363 692 878 606 306 362 313 264 440 303 435 936 361 828 901 238 947 966 2 718 797 722 316 448 913 3 934 916 592 1 85 810 333 143 784 325 62 177 385 921 96 636 714 115 114 426 208 942 5 9 760 13 142 448 445 105 564 826 474 580 242 816 68 865 874 613 177 333 495 122 392 20 47 460 54 532 896 868 835 611 465 220 39 542 723 479 438 488 208 496 61 287 852 426 239 684 500 5 837 765 143 634 778 686 218 669 878 664 709 121 494 149 570 720 875 650 150 711 140 566 869 640 85 630 39 386 419 215 585 467 672 342 51 816 400 81 679 688 629 607 635 39 616 380 102 828 123 776 205 384 95 396 815 24 15 270 464 719 496 379 814 579 65 55 323 299 632 594 752 495 701 767 735 327 630 181 692 3 518 110 159 263 690 120 16 499 9 332 71 713 386 413 287 317 707 348 767 410 259 769 198 281 631 443 678 736 406 732 276 764 575 778 205 763 399 224 207 606 128 741 667 375 229 32 49 709 427 601 267 731 519 434 633 703 717 744 384 689 638 652 695 56 674 81 743 434 519 463 272 657 481 666 570 667 557 231 257 501 642 397 274 236 128 563 239 172 15 607 196 630 657 716 435 233 379 673 230 309 335 573 268 353 414 397 93 491 373 88 32 516 265 55 679 499 209 38 410 357 175 492 33 315 671 420 645 340 686 687 83 70 517 671 569 328 638 99 76 105 395 445 416 346 121 371 555 579 590 578 248 625 499 485 109 627 449 401 639 517 100 76 308 653 147 463 444 532 404 364 173 45 534 77 394 435 195 44 178 576 581 88 186 402 579 526 610 2 535 181 492 18 201 36 602 337 193 406 171 503 461 262 275 383 142 471 198 248 296 597 305 536 2 155 271 231 578 215 221 338 77 40 481 280 480 390 582 304 404 276 254 79 475 300 510 370 327 11 366 134 395 362 206 369 560 47 102 301 307 64 405 448 78 488 278 39 409 3 518 241 260 466 259 344 552 465 526 271 131 8 183 234 344 504 232 109 479 348 457 385 410 301 94 314 84 366 142 203 383 96 2 104 487 365 331 18 509 418 443 294 353 12 466 105 428 231 428 434 229 340 148 489 136 200 87 284 371 161 16 116 145 160 92 389 213 69 490 57 337 163 367 427 379 35 235 235 296 227 125 359 437 143 234 432 204 270 241 371 322 346 177 460 316 238 110 264 281 225 256 306 71 124 454 52 160 289 446 448 325 227 431 331 425 24 278 251 78 168 88 232 81 198 13 10 259 157 334 74 250 39 67 219 363 424 315 210 164 206 293 122 118 182 267 252 269 126 128 14 298 357 63 171 74 127 334 97 317 204 301 376 1 108 15 366 61 185 161 382 354 178 40 377 224 231 191 205 197 124 96 377 79 37 87 194 123 146 213 75 231 194 320 20 166 50 336 22 185 134 215 225 81 219 238 47 272 351 274 254 109 166 172 324 69 296 341 192 20 92 287 228 31 172 320 253 285 31 61 189 123 186 159 5 298 21 297 22 41 95 284 222 66 67 68 296 157 308 295 205 268 164 170 261 210 270 173 40 70 64 9 207 27 124 222 183 240 185 198 190 285 117 159 272 177 118 87 187 235 263 29 123 177 225 244 256 242 149 221 195 181 192 17 196 134 44 173 120 87 9 14 253 72 38 11 87 110 119 206 220 92 222 199 187 105 197 185 193 40 84 165 177 72 77 147 135 159 110 98 107 120 209 76 19 91 146 198 125 95 101 146 71 92 190 104 129 55 154 194 27 199 98 26 92 147 106 150 26 67 154 194 57 140 20 97 57 129 71 111 51 163 113 120 146 17 144 128 58 140 32 159 154 41 144 129 101 8 121 140 141 6 10 53 122 84 53 157 20 65 50 3 76 86 133 63 90 85 57 21 65 79 48 52 23 6 71 106 53 60 2 95 131 93 7 47 68 106 32 45 29 43 85 120 89 69 105

977 981
743 351 812 371 862 460 205 549 832 191 70 538 751 48 546 308 581 463 5 656 421 509 21 710 109 865 746 658 888 551 756 237 342 358 974 711 405 237 355 558 161 174 98 107 594 299 342 428 791 753 777 460 666 685 298 353 758 82 272 82 371 440 866 360 43 690 902 662 655 348 783 488 822 905 817 932 125 158 713 708 919 596 13 327 449 869 2 947 428 871 874 783 916 287 418 91 213 131 489 104 857 3 783 920 751 650 267 476 672 333 160 414 580 628 528 585 797 333 156 784 499 865 167 910 316 899 205 76 424 662 337 135 899 404 945 200 655 65 903 140 807 759 43 713 197 402 732 818 537 852 361 25 844 457 715 423 641 185 50 342 123 312 443 112 170 847 581 646 559 711 554 180 376 691 78 433 636 798 426 757 850 569 608 388 458 372 730 740 571 815 79 295 267 425 150 519 342 514 867 253 719 71 96 802 558 685 631 778 398 138 814 726 735 292 248 610 669 655 831 591 348 586 99 318 365 546 767 127 556 81 8 533 801 836 140 545 737 467 4 322 608 316 261 266 833 556 656 402 524 769 757 831 146 643 616 438 743 225 494 603 363 616 175 674 367 508 747 652 668 745 297 251 656 169 629 775 362 516 494 777 801 468 326 375 284 696 612 231 402 392 635 219 729 598 14 172 12 695 745 106 265 523 460 443 555 646 98 288 129 486 279 449 249 47 433 311 533 224 253 596 409 533 503 460 375 300 17 595 433 697 300 457 249 350 104 363 352 331 63 374 423 158 379 385 419 629 484 182 522 153 154 399 338 695 353 252 564 608 493 567 622 443 276 116 615 161 140 298 625 182 295 434 599 242 525 288 355 145 654 291 614 703 502 401 298 198 646 583 542 320 559 54 156 159 690 588 589 475 398 573 289 450 292 138 221 130 182 616 262 616 386 259 381 200 248 32 181 150 326 57 388 474 128 479 158 595 476 59 189 38 307 538 6 609 215 632 535 248 571 216 469 333 194 641 546 316 243 30 551 25 575 448 258 539 335 168 168 376 100 434 395 487 464 404 567 381 396 161 201 86 228 177 417 59 388 318 221 483 573 245 8 308 111 209 368 350 578 194 560 188 359 169 550 241 516 482 549 145 34 86 584 253 511 531 271 252 515 139 279 269 433 34 299 278 127 470 568 406 79 297 512 436 23 135 171 514 71 445 413 300 140 95 105 279 365 399 28 477 422 254 465 102 462 196 249 523 450 243 243 67 113 502 493 324 88 225 99 486 244 12 512 207 424 520 247 178 484 398 486 446 179 393 306 470 220 195 137 463 452 270 256 328 285 317 129 385 276 419 418 36 374 117 334 83 11 435 128 4 299 223 71 213 209 363 238 331 268 463 36 327 155 177 130 69 165 316 140 51 67 94 299 214 462 351 254 286 442 112 110 406 92 199 351 316 342 25 210 79 373 170 66 252 266 369 164 62 170 437 109 207 32 239 317 73 424 421 370 248 421 290 384 286 333 203 65 399 54 83 87 194 79 225 147 340 356 231 293 376 356 292 310 116 4 376 194 17 81 31 115 365 156 73 73 68 308 287 171 100 26 24 131 216 26 69 125 41 205 127 59 261 328 94 333 317 226 166 17 56 37 259 313 307 166 258 201 26 202 123 275 280 283 84 348 276 280 115 338 130 115 292 255 29 218 31 240 138 20 38 301 215 296 104 87 11 17 182 284 8 56 232 252 197 206 200 25 319 236 242 142 177 263 78 284 125 215 205 251 253 178 138 101 293 157 21 205 40 187 173 60 61 146 197 221 214 114 2 263 139 214 115 63 82 63 32 79 5 20 125 230 118 110 188 160 139 134 171 128 23 140 32 189 261 146 172 241 70 120 193 64 79 142 5 51 180 180 97 191 238 83 17 164 93 20 55 91 178 147 192 200 60 151 22 99 109 83 128 211 146 171 170 4 174 57 57 132 101 127 12 13 85 145 210 204 73 126 94 48 162 142 28 118 181 90 183 196 116 172 161 148 64 132 38 108 119 132 68 49 89 166 178 116 66 97 78 118 54 154 177 83 43 80 76 107 2 47 90 28 88 109 42 22 104 70 9 15 104 66 83 72 31 104 154 51 89 46 113 45 54 60 36 50 71 39 28 134 65 110 88 104 79 42 51 18 90 108 59 120 112 27 69 120 110 29 52 28 104 41 71 54 87 23 84 56 1 14 57 12 17 62 94 84

983 989
469 742 926 339 67 809 567 619 437 530 353 16 635 225 193 961 448 333 688 674 508 18 386 652 931 928 811 881 899 109 103 952 257 387 558 74 555 964 843 257 836 711 357 773 589 66 919 273 338 889 957 143 591 803 148 568 144 873 431 177 857 848 263 199 671 942 284 643 805 48 705 901 243 143 410 838 259 47 272 566 643 271 685 133 575 713 575 456 105 377 541 552 654 637 707 618 177 659 645 334 783 126 121 896 49 246 727 399 450 507 779 467 414 545 880 623 125 491 457 609 836 382 258 26 560 369 646 19 787 541 370 638 125 429 205 543 257 219 514 255 673 721 696 391 611 816 108 273 677 139 237 544 260 706 55 449 749 793 446 730 570 429 715 275 694 562 240 300 705 551 207 428 630 660 368 774 389 311 806 752 402 444 487 321 47 260 6 534 758 423 134 671 306 434 147 243 363 449 396 352 218 489 194 388 236 651 101 551 261 181 420 735 565 400 582 739 788 380 443 612 168 67 626 733 69 563 215 696 743 639 675 279 606 576 651 123 224 667 115 706 49 477 539 106 263 384 727 1 705 519 194 617 29 683 728 666 727 49 100 127 428 177 34 154 673 64 64 244 449 650 395 699 12 270 272 390 455 442 686 519 672 448 220 74 255 618 14 381 587 74 457 628 557 126 129 355 700 116 536 424 468 323 697 373 341 12 264 591 692 300 67 172 465 233 413 410 604 588 595 211 692 19 607 455 208 144 148 516 503 74 105 57 233 395 546 67 490 635 408 586 73 14 41 497 459 499 351 401 477 405 569 9 487 155 403 207 651 251 182 108 486 465 256 52 595 600 588 463 147 596 146 360 55 631 613 572 443 521 221 187 54 629 503 326 605 191 167 110 21 146 86 510 434 243 455 311 389 499 437 82 466 2 572 158 194 140 482 546 233 303 377 247 308 231 285 568 418 1 565 18 52 142 304 229 302 177 19 316 21 339 532 210 561 90 535 494 471 341 388 336 415 234 306 277 338 398 48 141 64 456 532 20 391 91 171 297 522 172 217 20 40 462 166 399 288 132 36 214 335 104 529 319 296 120 378 233 133 43 33 345 322 360 173 458 70 268 361 520 76 357 485 463 248 485 431 99 186 240 13 216 394 345 500 115 368 463 216 491 12 181 129 500 138 172 334 427 282 291 398 468 120 367 375 400 87 236 63 458 253 264 380 416 72 416 44 417 319 69 230 461 116 216 189 135 3 107 430 397 367 310 289 281 424 126 260 191 2 351 449 147 48 155 218 243 360 393 48 152 25 223 8 433 77 356 234 227 148 311 375 172 19 397 254 290 338 53 278 85 251 10 53 202 104 196 368 58 387 295 204 300 46 124 324 330 206 124 383 234 94 151 83 182 255 9 344 397 348 209 270 192 183 280 38 205 241 263 112 208 200 187 18 202 319 81 152 207 215 94 195 148 132 47 370 216 333 44 212 99 148 358 68 117 88 248 167 324 54 204 75 166 162 303 33 265 74 44 35 119 61 92 260 227 122 59 57 263 72 50 47 26 53 90 165 215 163 229 168 325 241 137 8 45 283 121 275 81 102 264 166 63 219 190 185 9 239 221 36 25 237 209 103 54 276 13 43 216 123 258 41 4 202 122 121 140 175 203 282 34 54 186 118 175 144 279 258 144 208 247 216 126 226 262 21 117 55 111 128 265 26 214 251 238 103 194 2 62 124 204 21 100 30 223 108 109 137 176 164 158 166 13 38 63 131 50 155 162 186 99 109 42 23 81 12 43 169 173 102 1 10 148 45 44 68 58 114 57 6 66 94 173 203 5 35 96 44 26 5 148 190 6 66 178 98 192 78 99 181 108 128 180 150 43 20 18 110 136 55 139 105 147 82 117 68 78 135 10 142 32 21 8 44 22 130 119 79 15 166 59 38 88 45 130 47 22 47 152 43 147 122 2 111 151 111 119 146 115 126 52 103 100 139 135 56 88 133 113 3 58 43 100 9 55 37 41 67 94 113 24 60 101 46 1 49 59 88 53 107 105 19 36 6 48 98 90 82 13 59 6 21 62 77 77 39 92 80 25 23 93 84 47 47 68 2 77 65 10 73 22 74 65 35 29 60 79 71 50 29 1 33 55 31 11 39 41 6 1 37 3 6 64 6 60 23 10 11 44 38 25 50 53 35 32 1 48 30 32 12 38 16 35 22 39 16 29 30 1 36 16 3 32 9 7 11 4 7 13 22 20 5

991 999
40 647 629 848 487 912 555 672 65 137 642 786 188 891 166 925 512 2 973 972 822 21 132 96 764 774 625 288 65 963 991 885 125 202 919 560 23 786 308 422 312 414 821 213 486 212 862 774 576 842 294 412 198 13 866 326 170 762 286 303 217 368 768 166 88 367 667 548 689 868 689 154 700 182 472 160 201 721 656 76 659 248 438 283 234 11 719 244 194 965 639 323 645 325 638 689 936 592 652 348 394 60 127 252 924 161 924 829 277 184 446 488 705 879 450 505 104 269 728 537 660 953 93 687 518 904 86 521 388 130 320 41 648 541 290 786 499 791 858 700 850 169 258 939 952 432 217 362 467 143 223 84 302 666 877 336 552 435 440 286 932 416 627 674 242 182 810 87 10 592 560 611 704 219 865 282 445 986 176 353 736 678 805 573 513 601 197 306 125 326 430 356 549 755 176 208 622 287 399 537 807 705 891 827 145 305 218 320 172 741 165 505 185 503 818 221 440 605 43 451 425 36 517 660 204 428 668 592 637 222 460 520 76 314 313 195 53 789 427 571 907 668 259 9 732 368 546 139 44 399 125 112 17 981 190 408 584 618 286 820 637 635 34 77 886 492 846 620 236 91 447 7 508 364 573 582 165 227 564 578 594 162 109 596 213 585 435 577 284 335 485 534 413 647 741 688 9 387 480 130 575 116 166 909 224 491 141 783 438 497 44 238 386 710 612 743 635 792 815 290 169 348 683 798 568 94 452 153 813 494 138 593 820 323 661 872 977 943 917 192 351 311 347 653 421 219 44 261 394 879 50 128 261 391 717 188 151 491 752 860 350 960 62 811 99 238 567 832 871 152 649 480 337 803 714 482 488 784 250 424 657 115 951 852 570 133 853 368 780 121 154 138 860 71 194 664 604 431 640 188 419 678 851 911 928 607 199 507 76 136 287 939 374 258 149 673 891 925 139 241 862 603 630 464 262 91 697 931 726 216 966 567 423 722 629 165 800 707 989 710 792 658 91 614 133 866 811 587 864 135 878 796 66 749 578 154 984 791 228 899 485 359 670 713 409 908 615 730 236 261 173 183 189 887 858 668 952 333 973 651 336 541 453 781 824 623 111 56 618 281 768 705 979 915 518 404 917 139 23 371 320 41 452 75 916 792 471 346 733 605 953 293 501 145 970 36 762 547 851 979 877 390 56 282 299 376 105 311 755 663 486 763 92 386 682 746 246 28 129 796 395 475 408 125 461 338 889 124 832 982 829 163 935 586 926 212 944 346 394 142 926 463 698 511 12 513 598 359 693 959 892 241 81 645 325 107 585 149 214 470 934 734 53 147 603 392 965 526 75 448 110 110 191 667 725 447 723 510 610 226 212 474 475 967 45 108 90 705 176 97 374 59 441 264 650 442 133 331 224 832 228 4 65 443 659 134 525 471 977 475 397 746 888 918 734 916 95 544 379 923 72 484 122 367 954 948 826 225 349 939 371 807 778 210 138 878 523 331 511 898 648 417 935 827 343 673 479 87 976 183 791 545 6 901 687 250 660 166 188 16 828 475 194 445 97 816 833 877 236 254 106 979 40 957 473 652 293 625 758 870 172 15 474 442 647 559 885 245 792 88 248 427 169 376 609 276 844 839 225 837 720 605 388 156 267 659 108 876 279 292 960 357 563 553 292 877 626 969 895 578 825 844 378 983 70 732 292 343 351 503 403 246 43 981 376 245 900 812 807 889 360 689 382 284 824 715 804 920 586 358 564 473 512 580 596 371 38 477 52 787 579 237 584 694 907 176 614 801 828 272 533 359 193 791 542 527 486 385 565 978 261 179 541 982 616 866 795 212 18 243 394 970 45 356 629 373 614 183 18 626 526 966 53 133 745 260 239 981 182 783 955 416 617 728 841 886 287 922 431 509 659 599 530 864 552 207 187 563 837 127 890 985 121 378 798 126 384 251 266 73 736 7 628 958 816 44 694 42 152 105 942 742 267 828 190 661 919 488 102 259 393 630 704 817 973 215 823 459 358 794 84 76 969 780 444 590 825 563 457 683 410 7 538 779 928 776 521 257 437 952 308 625 757 356 213 833 421 605 366 508 438 894 600 839 175 588 773 604 630 711 203 880 64 528 545 723 617 822 923 248 117 154 382 734 895 491 581 914 213 769 319 808 526 805 908 832 385 39 565 626 823 2 202 463 365 575 231 802 118 331 620 843 431 410 730 570 499 626 631 414 395 880 105 877 200 669 222 805 306 525 376 811 346 669 293 723 238 390 812

993 984
491 560 527 854 575 709 493 416 689 926 688 993 768 188 475 952 820 269 62 9 699 122 688 870 353 741 472 129 595 125 74 589 88 676 733 633 739 531 384 589 475 220 277 455 631 570 16 491 690 449 264 736 693 132 920 493 360 993 180 648 443 190 560 942 497 369 307 917 309 278 465 524 863 881 434 38 301 875 306 57 824 792 209 11 932 564 909 224 262 825 291 257 612 821 832 776 697 749 344 340 733 737 631 359 420 966 531 185 156 125 414 406 854 468 719 498 979 552 237 330 194 85 328 216 846 377 40 447 795 50 239 632 939 702 525 588 735 977 588 544 964 17 219 35 953 829 467 324 697 118 309 313 403 47 799 27 618 917 304 719 823 864 199 877 913 895 677 958 247 200 503 734 312 668 728 511 619 566 559 164 43 18 471 780 417 218 773 821 302 207 382 615 313 731 462 712 491 370 752 226 613 14 218 379 272 943 52 370 521 885 225 111 790 442 153 873 664 920 373 52 588 919 706 813 577 463 291 473 673 405 773 474 201 915 935 192 179 261 281 257 568 640 720 199 221 175 831 621 577 428 746 127 624 228 685 83 193 67 147 680 278 129 677 282 439 205 207 109 308 516 576 254 836 38 315 820 741 631 50 33 844 564 118 446 134 356 720 856 313 268 54 440 231 19 369 250 50 76 418 649 368 487 26 758 989 959 694 883 161 574 726 662 512 371 794 858 445 760 896 841 662 238 906 295 11 312 976 956 464 206 690 539 473 351 921 295 938 782 541 316 571 149 301 45 677 315 703 57 495 487 135 806 373 230 539 199 475 893 205 717 633 235 165 99 670 710 394 519 231 477 295 387 735 123 371 694 423 960 237 429 40 643 322 237 342 173 76 255 634 23 156 189 101 815 735 490 865 27 391 38 403 302 756 992 798 547 715 479 844 907 216 275 261 379 192 981 329 443 72 343 607 894 512 628 973 475 126 615 480 318 947 524 216 655 183 29 262 31 406 591 957 872 845 725 836 806 131 438 364 120 796 321 673 533 729 263 201 591 973 47 980 902 245 336 785 775 376 654 184 462 352 498 488 179 833 989 256 866 408 234 617 239 15 804 790 865 790 192 966 908 53 95 561 425 765 510 428 336 323 106 232 975 863 282 948 538 431 240 317 296 165 925 601 591 867 209 691 422 277 390 317 806 829 697 501 955 328 777 17 504 349 213 558 741 921 520 846 771 286 638 927 337 725 558 543 591 701 314 567 405 7 258 906 384 512 43 812 551 24 555 377 333 500 401 906 169 449 507 845 495 681 750 334 564 688 727 3 482 454 129 65 99 781 903 853 188 594 813 36 527 414 453 329 165 491 337 605 856 638 582 767 788 333 225 442 432 25 866 234 804 506 541 212 242 463 641 70 537 749 555 384 515 425 711 303 793 367 839 141 486 823 369 100 700 688 267 485 850 596 444 846 699 494 793 199 540 280 830 732 213 269 515 698 56 658 40 122 226 192 373 101 526 425 577 734 462 653 376 282 562 199 710 796 89 177 365 391 672 226 418 722 575 608 248 299 283 65 52 215 665 784 383 439 489 449 728 33 451 390 301 777 470 114 655 470 101 318 293 778 578 44 147 530 442 315 742 81 560 275 263 536 724 484 743 236 132 290 308 566 757 468 383 105 582 752 438 672 449 222 747 492 597 16 565 313 377 589 457 317 253 503 448 271 299 53 621 236 715 435 33 386 562 189 627 357 562 89 37 658 321 301 638 329 708 353 641 35 450 468 695 102 684 486 524 499 364 152 191 345 207 447 199 218 28 338 687 250 283 351 492 516 471 666 116 399 557 562 46 33 606 612 513 340 660 596 475 53 511 54 131 649 663 219 657 98 535 569 370 132 353 381 267 118 373 460 315 7 321 117 103 185 172 592 303 502 512 286 624 28 21 358 197 529 579 28 96 384 181 265 613 215 234 411 32 260 500 537 457 98 451 151 276 419 575 112 489 131 160 98 264 487 360 187 533 104 12 149 146 398 432 47 130 52 480 263 249 343 186 107 13 171 450 167 38 106 414 508 420 49 220 291 129 496 73 466 312 22 67 321 35 504 97 125 51 52 65 426 110 294 401 398 516 157 426 491 381 249 484 411 503 139 151 214 358 174 451 37 465 449 358 443 499 143 486 110 293 177 146 181 293 429 463 126 342 110 263 54 218 97 282 48 44 53 236 229 441 433 143 300 363 207 245 321 319

996 978
743 881 350 148 900 673 400 435 815 116 873 826 921 880 983 936 793 484 92 192 678 223 125 47 662 165 843 713 148 765 10 49 849 89 996 692 355 699 874 498 761 553 733 961 3 680 90 330 953 473 785 446 108 491 260 220 293 189 702 763 329 771 831 44 472 266 292 685 81 655 670 740 983 580 400 262 774 154 961 955 812 993 140 992 863 262 153 214 797 607 609 433 244 289 194 157 485 802 141 827 280 458 659 190 392 633 505 66 24 689 132 133 373 680 68 764 848 43 550 764 2 120 663 191 119 715 828 217 162 282 857 173 577 824 40 847 971 517 212 247 449 583 980 561 551 701 196 448 101 577 394 377 434 355 421 249 238 155 612 356 815 644 880 290 194 986 892 425 423 437 472 265 460 448 171 664 587 449 802 392 596 584 760 136 492 117 977 671 292 597 164 787 492 552 286 576 811 58 166 302 128 410 81 608 384 765 174 357 987 55 822 304 556 775 193 932 507 55 567 209 635 781 695 938 252 390 927 250 196 350 83 194 249 823 925 35 510 758 13 947 216 118 66 661 731 77 800 459 162 387 702 404 832 958 159 778 773 304 399 488 160 474 425 137 809 662 592 364 734 80 225 800 286 248 572 783 553 265 33 556 755 331 74 962 669 978 508 951 34 820 14 759 731 195 582 683 469 290 859 760 836 133 862 924 112 593 719 247 581 505 812 28 881 817 423 528 938 214 136 720 444 973 676 481 10 692 152 796 533 973 735 246 591 945 692 923 926 866 629 631 800 504 506 694 239 791 278 936 793 110 259 18 564 589 154 102 379 341 878 442 880 133 434 625 800 190 434 845 784 707 477 693 612 184 676 730 39 263 343 681 259 629 335 912 9 831 143 451 447 883 151 452 354 306 123 217 795 583 420 572 895 806 775 601 504 265 404 254 464 815 340 172 412 781 836 163 425 319 551 610 632 862 730 879 270 333 480 682 783 462 605 382 884 664 681 825 368 333 760 414 301 427 821 515 463 636 699 740 43 149 163 373 26 617 601 455 46 780 327 44 493 362 434 31 34 232 40 608 695 425 143 786 382 101 669 343 495 176 716 204 390 819 203 8 754 19 518 337 744 150 263 533 244 632 235 472 820 106 135 669 12 326 542 95 128 59 665 266 652 23 760 373 729 22 574 598 284 427 77 487 240 153 600 284 303 398 190 473 313 725 515 260 432 781 38 184 206 5 210 712 647 552 522 582 477 737 717 63 130 118 274 665 596 29 491 194 316 454 337 363 153 568 754 67 693 189 423 213 616 419 227 64 270 475 227 608 226 657 463 43 223 12 616 370 249 606 635 214 441 129 480 163 714 478 285 215 352 358 150 685 524 40 6 641 227 468 218 307 454 456 5 672 511 297 103 95 284 71 89 120 535 143 131 447 692 529 461 253 68 185 500 288 513 227 513 518 142 459 24 156 638 521 437 387 546 124 582 445 591 137 126 183 643 310 152 237 33 534 531 248 320 366 26 327 535 38 24 295 139 548 32 585 137 439 268 174 214 364 620 212 460 583 262 388 160 25 626 351 611 548 465 17 286 462 116 430 497 619 542 523 580 260 116 388 259 463 309 513 400 463 351 284 604 89 401 283 199 32 291 124 494 86 239 167 343 46 375 555 578 558 386 41 473 304 145 48 485 203 480 170 239 40 300 363 467 265 391 504 347 308 546 156 326 22 60 109 300 289 15 145 82 6 234 195 216 415 90 52 549 517 388 442 133 274 142 167 177 102 520 404 433 79 489 270 49 275 231 341 358 103 63 77 268 506 376 257 490 307 429 388 358 223 287 435 184 420 73 395 423 400 24 277 10 14 415 109 275 483 470 345 362 418 432 410 279 368 343 398 30 472 124 347 335 446 314 291 343 126 320 276 190 344 152 255 195 328 160 45 75 108 74 366 97 301 66 4 452 357 54 315 189 224 309 448 89 57 340 70 16 251 170 94 286 236 380 11 303 333 406 211 146 64 252 239 305 145 259 25 241 414 16 211 329 359 208 58 354 211 265 156 262 141 259 400 187 25 48 198 124 226 285 298 253 259 60 281 305 119 181 202 321 52 189 126 218 2 242 160 226 65 304 368 71 23 341 376 238 245 213 258 204 255 133 279 318 110 97 273 165 90 363 258 310 208 245 203 54 95 21 64 354 234 225 247 151 338 171 124 176 139 298 273 293 100 178 40 260 155

985 995
885 777 687 163 937 483 165 955 914 693 336 94 227 908 654 191 606 715 913 493 794 268 369 312 51 733 433 73 85 713 160 348 661 758 443 980 217 554 250 601 983 823 806 138 400 874 918 409 484 397 337 105 395 535 326 68 383 781 199 271 710 419 23 584 438 278 604 818 108 755 869 355 773 477 68 424 781 764 723 650 8 679 828 367 781 66 621 584 852 206 419 604 324 853 301 300 474 211 146 22 119 315 270 856 668 902 586 167 255 755 403 769 736 4 647 237 474 15 196 126 823 794 674 658 285 573 574 798 728 840 32 351 791 868 248 256 96 100 615 221 771 127 426 224 983 743 276 27 754 657 676 414 137 183 777 200 157 45 243 341 158 479 413 123 501 628 506 188 473 357 143 806 459 46 658 467 735 978 422 600 88 872 399 474 53 8 250 270 66 242 189 451 341 463 981 919 886 12 711 102 301 983 907 175 293 720 163 850 721 105 722 731 630 562 445 313 249 180 691 78 201 327 616 911 888 101 236 636 542 207 58 667 22 618 890 261 343 808 316 684 70 71 953 343 292 456 895 672 707 84 865 829 489 477 617 382 490 49 745 180 131 386 348 113 877 61 63 601 981 825 738 498 409 155 867 289 890 457 326 135 867 80 55 692 232 777 368 353 920 547 614 135 727 451 353 11 107 546 260 687 390 528 777 589 152 177 837 337 543 529 394 525 948 664 78 408 705 771 474 226 557 977 496 909 104 174 877 719 121 182 289 976 743 800 515 943 154 687 970 832 215 662 392 85 735 803 391 265 736 233 865 149 375 217 309 124 762 66 534 851 165 488 458 905 586 922 77 436 811 699 429 850 19 709 215 572 433 361 133 527 251 586 576 723 311 278 969 673 285 795 954 143 94 721 416 305 631 209 695 439 117 564 413 300 335 756 820 644 674 52 605 836 924 356 743 730 693 469 288 12 835 848 334 535 916 529 270 36 773 625 689 89 898 28 94 8 361 743 718 393 307 357 881 818 434 197 900 862 397 353 264 67 437 769 137 801 871 831 142 492 65 1 307 859 533 140 653 105 799 804 198 233 301 507 24 522 503 748 228 15 17 550 568 110 816 130 732 575 53 87 198 335 616 118 571 767 169 649 823 206 542 454 847 31 537 447 411 26 205 496 386 716 553 205 67 204 371 241 268 838 836 541 273 589 426 284 204 538 457 68 636 769 555 640 69 175 27 638 401 88 658 189 81 455 209 327 339 173 472 795 514 313 469 570 451 675 302 49 219 265 470 785 150 232 144 789 325 168 283 750 403 291 216 730 447 164 195 685 216 147 579 224 479 113 491 511 749 540 239 434 499 146 107 483 189 388 692 184 527 78 290 692 94 71 102 670 360 345 172 18 19 569 102 139 118 145 628 464 578 616 341 343 21 247 202 474 378 202 704 542 533 187 724 471 93 603 408 336 531 639 177 515 309 318 654 366 113 82 513 626 404 43 54 37 658 38 9 580 459 225 664 92 418 26 351 5 690 571 529 70 252 63 654 613 463 178 72 584 457 214 161 372 309 408 645 357 509 488 80 591 290 559 220 627 198 127 496 436 327 231 431 537 557 310 346 160 197 370 440 218 261 132 312 31 295 335 232 189 180 240 408 443 550 117 389 102 583 324 149 2 362 153 373 78 270 563 71 208 530 550 301 49 175 505 249 42 292 446 258 281 448 2 317 15 353 276 258 521 535 455 521 480 303 34 205 236 175 261 430 162 328 394 137 56 488 349 148 436 55 503 60 354 173 105 49 124 240 220 425 138 90 182 378 149 388 375 14 333 43 192 301 89 67 302 310 49 417 128 232 198 494 104 60 383 504 509 360 82 514 6 306 86 238 235 313 91 239 261 228 172 437 99 463 338 97 184 440 308 64 466 274 100 360 101 189 21 488 107 360 24 246 301 129 301 459 361 296 322 16 133 354 83 155 32 66 450 189 412 364 322 288 445 94 279 323 481 69 428 467 390 227 272 285 79 318 298 20 205 468 391 143 119 66 463 248 170 79 325 119 438 136 117 128 393 43 60 301 29 274 446 156 54 92 176 234 260 177 284 216 183 385 336 298 138 118 318 80 408 310 186 48 83 185 389 405 284 107 241 324 166 279 154 266 196 280 367 119 40 354 396 12 286 320 379 319 89 317 186 56 47 87 96 42 17 95 263 340 81 91 303 40 16 268 120 246 128 10 226 310 95 298 280 152 35 80 369 361 186 301 326 82 285 181 319 195

982 981
884 158 368 370 217 301 706 543 27 376 375 296 3 309 337 612 283 975 883 463 893 764 876 823 605 512 980 25 719 5 57 555 890 937 890 524 714 756 728 362 751 892 313 553 559 880 600 373 420 83 617 409 87 451 92 912 913 567 946 912 305 116 162 69 939 282 37 688 553 814 461 440 168 759 496 496 702 175 453 496 890 271 842 621 670 621 677 461 21 303 606 94 200 342 740 45 189 932 130 49 873 381 16 878 141 14 478 322 456 230 282 66 614 20 788 608 261 23 741 322 605 765 280 790 345 528 261 691 817 811 374 632 851 246 52 846 225 409 686 597 909 122 32 893 684 295 96 624 507 856 358 154 923 956 228 970 206 755 294 755 503 818 657 839 454 469 162 951 368 821 865 817 843 60 99 701 481 597 982 107 69 29 194 349 379 687 510 92 206 124 263 46 272 358 733 489 156 571 661 696 644 923 410 803 488 470 858 694 465 315 825 928 786 215 963 106 968 102 840 110 479 924 707 560 458 760 93 567 160 155 451 967 883 614 275 979 553 361 768 569 795 61 32 333 114 556 547 847 946 769 976 787 833 647 275 772 624 574 750 627 309 214 909 257 68 166 919 81 498 427 78 801 339 955 552 342 867 244 848 269 658 552 705 628 634 417 510 743 159 932 734 415 604 223 283 566 246 354 400 727 202 259 282 971 27 917 904 64 797 223 808 666 606 404 688 790 249 409 613 2 125 922 347 308 959 762 803 766 140 78 510 452 775 935 833 808 170 828 458 29 342 329 35 954 864 768 86 725 726 322 488 425 453 525 927 489 320 760 684 716 279 448 849 488 885 770 551 93 815 659 368 160 328 560 47 181 183 119 811 773 559 69 203 13 668 404 928 136 575 289 204 30 158 321 359 551 326 483 817 699 630 826 183 271 786 429 485 865 20 232 6 469 520 541 222 49 321 785 843 116 204 402 112 213 162 225 167 120 382 689 318 825 180 345 420 542 827 234 381 724 437 348 382 409 561 508 442 18 801 193 818 466 467 269 104 856 711 36 830 354 81 747 749 562 313 808 173 786 149 675 482 674 682 202 386 681 73 329 593 542 766 432 710 666 52 237 554 115 796 815 520 270 57 507 337 494 272 529 770 570 452 711 451 523 561 232 444 430 619 330 547 794 141 99 556 169 96 694 184 150 78 22 231 256 140 750 462 397 709 178 68 760 111 395 642 112 212 505 203 368 271 608 394 248 735 259 405 650 21 359 735 417 694 585 410 123 712 250 412 451 381 115 161 639 272 558 202 32 172 745 568 341 317 71 737 475 325 557 326 313 169 554 426 326 95 575 198 574 622 282 196 547 365 315 507 719 285 455 272 316 531 328 276 136 367 406 574 596 241 542 699 159 60 37 21 523 399 149 641 182 298 113 500 628 580 387 397 135 383 666 133 280 352 621 167 651 178 52 565 516 59 577 595 193 456 629 452 351 188 347 408 410 360 659 15 436 260 385 102 530 575 517 237 538 170 382 454 189 404 89 474 155 469 551 204 313 538 512 396 253 615 245 138 6 158 120 459 414 120 424 302 514 172 487 470 123 308 143 161 146 103 240 159 171 169 522 426 351 567 471 256 134 176 55 421 458 192 120 220 430 575 435 410 366 367 26 442 385 360 380 425 113 181 130 26 104 44 127 243 172 496 299 482 440 121 516 248 125 489 289 207 397 284 270 96 267 179 31 5 476 383 254 451 472 501 474 428 334 518 448 11 126 441 84 529 212 158 477 78 511 173 71 348 513 85 144 529 424 164 333 138 246 392 492 59 351 452 318 9 12 462 432 341 396 65 238 194 127 120 350 143 334 6 96 228 230 185 435 249 454 380 136 407 480 268 293 462 112 399 74 455 169 144 234 309 235 69 204 332 357 351 91 79 230 172 197 453 304 254 234 266 386 268 198 172 257 137 219 291 25 111 445 169 105 246 331 235 165 446 427 198 439 271 280 337 145 54 338 135 233 375 82 396 351 337 58 393 406 325 375 2 394 311 420 86 78 221 364 110 85 411 228 68 203 58 128 59 88 61 405 69 105 175 98 37 240 253 92 194 383 177 233 299 138 46 313 49 74 210 9 228 249 357 302 50 95 281 117 261 348 187 30 98 324 253 273 30 230 176 364 41 109 31 113 137 95 237 236 100 133 316 301 169 2 51 134 23 56 303 339 187 278 150 2 254 265 212 142 320 245 317
