25

8 10
4 8 1 7 2 1 6 6 8 8

10 10
8 10 3 7 3 6 6 4 1 2

9 10
4 1 4 7 9 8 7 7 2 3

9 9
1 8 7 4 6 3 3 2 1

10 7
4 6 10 10 8 7 5

91 100
35 14 58 70 62 78 66 85 34 18 90 38 63 77 11 41 41 32 79 48 86 79 48 41 3 30 90 50 48 58 26 17 55 70 17 72 17 90 44 46 62 79 28 66 81 10 61 59 60 53 59 41 21 80 82 87 4 30 22 89 47 64 69 60 52 74 80 25 81 35 59 77 54 22 61 8 15 63 43 17 32 56 5 3 13 63 36 45 23 5 46 41 30 23 37 41 46 51 6 49

93 92
74 28 3 60 62 10 28 36 16 54 26 56 81 20 18 79 44 7 8 66 15 35 48 53 52 12 67 39 48 6 55 16 28 47 14 25 38 49 1 31 21 26 1 41 49 19 29 23 42 35 8 19 35 19 12 18 20 32 7 31 17 10 5 3 4 20 3 26 17 3 21 16 11 15 16 14 17 4 13 10 5 3 3 10 1 4 3 6 2 2 3 2

99 96
85 31 31 30 37 97 61 77 54 68 17 95 6 51 39 84 52 55 12 25 5 69 3 9 12 13 71 59 78 75 82 68 56 65 47 68 7 77 49 52 72 89 12 64 85 10 59 91 90 23 89 53 50 7 82 52 65 41 41 35 25 60 67 46 74 23 15 71 12 63 68 39 49 23 35 42 31 37 36 8 55 43 23 23 47 53 8 3 20 38 20 34 8 9 25 25

99 92
95 92 12 89 11 37 12 22 56 21 34 92 93 81 4 8 69 61 49 37 89 47 44 48 60 67 36 91 68 24 83 34 34 72 57 60 39 47 68 14 79 16 83 94 6 24 77 13 99 41 32 47 1 47 21 15 23 92 94 95 81 4 60 14 78 34 49 17 95 3 73 33 2 12 48 4 20 50 28 41 10 73 24 94 13 21 60 98 98 96 95 94

100 99
61 19 19 28 9 49 10 74 31 58 83 11 73 57 53 2 40 88 41 10 24 93 19 67 77 50 10 90 58 21 53 88 86 99 85 95 14 60 79 23 51 66 26 76 46 20 78 38 51 53 82 66 13 1 17 75 50 33 31 94 61 72 20 4 91 83 63 31 57 44 65 44 6 56 11 80 60 21 29 77 1 57 14 20 1 70 14 16 42 3 30 39 54 43 61 30 48 46 40

100 96
73 41 18 21 51 27 96 91 46 47 37 75 24 71 6 28 3 14 90 16 92 35 72 95 29 38 74 95 22 5 41 34 78 5 32 75 16 42 31 55 56 59 79 65 46 56 65 38 28 54 59 35 14 24 20 66 52 35 43 62 16 57 49 58 39 47 26 36 48 37 41 50 46 20 3 40 22 20 43 19 38 9 37 18 1 2 30 4 19 21 31 18 4 3 8 5

92 92
56 28 60 87 16 37 90 67 34 47 33 15 73 67 58 33 19 66 26 75 20 29 82 24 51 12 19 5 17 28 30 41 71 28 61 69 67 12 12 16 30 18 40 36 40 18 26 38 56 23 13 6 4 34 43 30 40 23 13 14 43 27 40 6 39 5 28 2 18 3 33 4 5 31 26 2 24 10 9 8 5 14 6 1 17 14 19 5 14 3 14 7

94 91
23 74 72 75 86 78 10 59 11 29 35 22 59 72 73 32 55 11 83 23 18 23 18 8 2 89 36 12 9 35 7 29 89 2 68 94 47 15 20 72 90 5 50 57 45 61 60 13 92 35 26 53 62 58 90 6 65 61 61 14 45 90 72 38 47 92 44 14 23 28 7 43 53 45 5 21 8 80 55 69 19 4 75 52 49 72 72 40 48 18 43

95 99
52 94 93 12 81 20 16 1 24 28 86 60 77 55 17 71 34 1 93 6 29 92 30 26 31 21 30 47 66 5 82 81 30 77 28 44 89 46 87 69 47 53 59 72 91 25 6 25 83 90 27 42 8 88 46 81 2 19 55 25 43 60 82 50 77 38 77 44 67 21 14 72 40 70 29 68 44 37 36 32 24 25 15 23 43 38 17 43 12 15 53 16 5 42 49 36 32 10 45

99 100
67 39 27 46 67 17 43 63 23 20 84 18 89 90 28 53 72 51 49 36 5 92 50 22 93 22 82 19 35 38 5 57 16 30 27 30 9 80 78 52 78 24 22 16 42 4 35 8 49 14 51 12 6 23 6 44 60 58 33 21 53 29 26 34 44 2 51 39 15 47 8 43 31 1 6 39 31 40 5 27 14 15 14 24 22 17 27 6 27 21 21 6 11 2 21 22 5 14 11 13

972 973
852 749 62 934 269 936 725 191 903 510 690 499 66 567 577 329 936 589 510 381 454 504 768 614 443 118 586 405 746 477 717 872 170 107 300 114 147 213 621 157 787 548 573 902 205 518 728 895 760 226 516 554 381 720 816 42 280 607 541 349 524 257 77 780 857 655 374 227 410 388 738 300 334 184 850 352 815 904 392 363 915 961 188 932 918 671 31 840 374 649 175 827 379 834 94 54 566 825 935 461 58 83 776 949 922 750 98 253 501 687 126 778 470 163 836 968 722 582 156 740 697 939 226 758 114 666 509 615 764 715 351 703 889 780 208 111 522 174 591 569 898 47 949 879 354 952 368 316 965 615 762 689 792 359 711 539 32 721 530 737 112 948 660 156 609 824 121 655 624 556 466 736 580 98 565 305 788 961 535 823 845 319 547 550 420 32 598 23 612 374 313 827 279 104 367 880 859 254 261 371 388 241 45 92 560 738 921 17 577 397 262 562 406 921 831 363 611 858 140 82 67 683 67 240 901 337 640 421 855 619 270 728 607 555 395 380 493 640 889 508 222 290 946 737 311 532 457 280 96 47 277 622 916 932 971 631 726 743 324 944 776 45 510 50 766 796 417 646 347 229 909 405 68 154 380 474 811 99 14 584 722 793 318 441 384 767 944 107 357 389 109 841 387 503 780 417 62 424 876 661 527 406 353 750 456 304 469 799 360 473 813 889 691 549 375 668 916 894 56 320 887 549 850 876 660 532 644 449 473 789 693 100 292 18 3 147 483 244 612 706 710 370 504 481 481 570 816 806 776 631 207 439 491 787 579 415 269 822 257 303 441 377 296 152 274 651 278 813 662 841 811 488 51 530 174 247 641 363 559 735 303 386 795 816 738 483 618 59 369 29 270 576 627 567 670 534 344 317 134 540 87 619 384 225 71 794 354 116 679 484 237 325 645 456 332 206 263 599 503 564 41 98 396 423 445 412 452 659 96 466 490 621 468 134 461 298 76 298 291 713 622 648 604 295 602 293 242 312 551 778 486 235 316 104 505 274 465 449 507 126 650 54 79 116 416 149 245 722 157 645 589 683 587 47 372 577 548 650 428 725 247 246 249 493 592 117 572 379 695 196 609 460 33 569 133 320 292 626 442 702 322 250 701 594 279 235 537 680 533 607 406 469 130 395 2 611 540 97 117 337 210 479 31 490 333 303 263 428 611 401 359 405 89 39 333 103 227 133 354 558 369 544 269 567 329 663 99 453 94 651 410 550 265 511 83 104 27 387 114 188 407 37 411 448 355 665 502 191 465 419 254 606 588 479 235 464 152 395 65 324 386 544 189 649 302 29 220 289 85 237 510 228 13 114 232 17 182 342 544 633 159 576 471 323 210 470 502 323 129 499 41 88 4 213 530 67 210 354 326 394 447 438 7 394 94 608 525 71 85 595 21 363 338 78 144 119 15 464 139 52 586 323 125 329 253 556 539 335 289 141 72 275 426 515 577 321 476 128 531 427 397 283 192 153 131 491 413 229 222 68 17 342 441 185 553 81 361 331 323 345 475 28 173 382 202 191 372 274 290 323 389 214 409 332 147 337 154 99 215 112 131 58 276 291 417 463 47 388 195 428 519 177 60 246 173 83 215 491 399 513 204 374 2 243 185 17 500 105 87 461 495 134 70 392 384 371 94 296 480 483 208 417 228 374 158 459 454 300 396 281 390 163 416 227 54 429 234 369 367 169 57 145 248 220 322 115 172 380 5 181 5 252 227 89 243 202 67 346 293 73 11 394 316 255 405 71 413 412 229 396 152 119 95 112 393 303 109 435 114 13 184 425 61 106 387 171 420 160 171 410 93 300 9 353 38 174 191 5 78 6 309 126 335 203 26 214 217 280 357 403 56 2 195 396 71 385 332 64 39 163 44 144 45 117 73 15 109 56 120 237 161 94 136 163 315 232 320 297 18 132 46 26 156 193 361 334 25 260 41 97 279 318 266 143 329 230 197 247 264 91 227 60 140 295 73 106 204 333 102 203 65 69 5 177 198 105 287 239 60 258 167 160 108 51 322 84 275 161 26 11 268 15 66 210 265 24 68 247 281 163 181 259 271 99 145 93 242 238 194 224 73 70 53 86 161 264 2 120 258 264 157 252 230 267 76 147 64 71 98 188 238 112 81 150 190 17 132 7 202 196 122 27 85 81 42 136 32 192 241 68 180 71 41

997 992
180 761 864 304 267 35 291 233 275 113 745 971 439 884 753 185 109 304 552 825 401 773 565 837 741 598 778 52 210 334 387 678 460 778 576 900 207 72 420 675 184 901 508 545 581 114 575 46 588 754 404 924 726 41 549 810 252 973 595 191 883 735 220 626 281 335 507 126 589 442 604 74 709 690 27 516 335 564 62 721 317 717 220 739 719 672 901 447 91 597 737 368 926 180 63 751 981 240 968 817 304 870 144 551 692 30 882 426 802 971 674 203 940 203 84 936 715 124 801 849 104 2 812 171 163 5 832 881 270 439 161 64 40 356 151 788 53 747 380 828 66 38 506 699 281 312 760 501 198 488 447 602 788 327 300 154 830 629 356 269 109 965 205 29 473 859 209 642 342 237 589 180 661 185 716 744 396 200 915 181 558 924 685 942 641 454 665 185 518 913 979 733 348 877 658 924 729 220 512 994 768 584 561 912 494 275 254 167 747 443 879 72 804 484 314 937 782 224 569 876 765 733 49 141 836 362 994 20 458 799 599 34 350 950 953 331 703 186 923 858 828 471 301 322 49 30 254 372 962 22 844 153 834 190 839 250 188 968 191 398 526 845 880 863 308 501 48 26 409 944 576 943 735 246 122 371 937 898 567 356 580 459 188 950 985 54 49 603 936 767 606 923 764 27 782 137 86 304 770 583 910 702 600 48 108 425 850 902 479 315 243 746 390 977 769 871 277 633 322 744 483 777 899 913 146 672 756 147 407 448 878 473 165 445 479 870 947 72 891 778 995 893 527 660 342 664 878 602 535 404 357 726 257 617 77 449 117 13 689 284 173 730 512 641 646 995 795 992 756 502 790 883 697 930 870 418 567 287 231 267 830 67 752 499 325 759 263 924 175 706 72 113 492 475 833 78 58 239 394 581 980 740 655 357 474 411 403 246 186 966 49 69 198 739 989 478 933 790 938 678 626 669 334 925 311 702 654 790 326 314 65 8 392 369 277 15 275 375 930 536 875 237 36 953 501 50 320 420 660 301 486 232 926 146 677 477 238 294 68 978 754 83 236 301 387 734 273 400 891 253 324 78 775 115 296 346 990 424 800 901 65 856 17 960 611 730 193 68 116 673 636 194 9 167 481 443 887 451 950 117 532 975 847 27 734 124 301 606 967 470 567 367 759 392 28 128 735 611 653 395 713 150 230 136 781 680 107 145 979 230 33 357 748 948 846 733 543 96 963 642 901 6 537 650 434 666 185 855 278 27 615 692 868 299 14 8 661 466 866 583 287 824 833 790 784 247 399 593 463 766 459 378 434 512 843 762 729 278 439 32 855 5 210 388 458 319 864 102 755 527 903 838 190 214 295 652 542 744 583 547 171 767 296 884 143 71 433 816 246 145 85 798 302 644 348 486 343 56 368 599 686 270 527 336 723 592 355 427 113 738 318 170 851 634 45 644 145 728 203 212 237 482 375 56 148 28 202 643 134 795 319 80 769 287 273 109 850 159 662 213 575 54 597 308 245 834 833 453 192 704 690 506 672 533 832 217 526 807 348 643 522 489 502 709 593 283 118 420 228 455 640 615 193 717 332 755 608 185 386 318 607 624 440 168 344 224 89 470 768 62 794 615 254 297 561 42 411 625 729 433 704 727 353 199 541 428 339 538 15 160 224 751 652 724 59 771 585 699 395 491 182 277 449 265 381 579 651 46 545 189 110 283 750 206 10 62 373 568 569 696 297 152 249 412 317 364 496 336 154 683 58 300 457 661 633 719 89 551 131 548 578 94 100 431 463 58 559 30 446 648 547 533 193 273 155 609 506 199 395 578 460 472 427 131 4 47 242 172 336 166 450 445 356 121 382 190 202 103 105 192 191 612 476 18 102 32 4 611 396 435 319 345 328 85 109 297 417 363 375 413 112 278 146 240 367 364 308 123 483 551 68 440 654 551 382 462 302 649 620 521 610 331 203 313 519 98 618 592 437 222 392 259 554 459 343 121 300 386 179 205 259 605 329 245 430 263 339 316 453 330 571 594 436 393 534 581 512 416 251 359 451 266 8 249 210 417 174 351 470 458 284 406 499 81 483 487 134 109 454 331 147 193 413 183 221 515 386 269 63 187 419 297 295 433 484 496 307 440 119 458 395 91 5 44 212 78 52 477 194 494 330 271 545 349 3 118 509 62 513 511 133 347 33 244 498 205 409 97 102 69 368 181 184 405 34 467 142 75 433 182 392 367 234 302 384 510 16 120 426 201 296 471

974 979
937 746 227 306 516 557 897 576 588 825 28 884 349 517 717 449 522 852 499 132 743 551 517 529 970 372 376 354 497 357 290 914 731 150 633 167 724 3 569 398 484 875 808 624 307 385 222 876 49 390 364 437 243 919 356 253 578 901 796 300 898 654 316 837 673 137 441 94 149 824 535 172 715 138 440 7 622 531 578 776 944 907 606 73 221 326 243 17 510 264 112 426 105 40 94 94 177 323 405 937 845 44 640 848 944 520 848 606 924 575 836 15 60 503 667 585 496 246 731 780 504 464 449 526 394 467 611 51 689 915 916 922 803 369 140 948 259 48 660 263 636 325 408 410 520 839 820 184 30 576 912 143 645 433 71 655 170 815 488 141 879 219 791 281 654 587 770 857 306 660 617 227 110 97 631 935 833 403 820 340 484 10 737 40 659 795 929 684 177 937 69 703 479 787 880 5 579 319 68 860 217 269 714 284 600 202 489 415 302 167 336 160 6 88 279 136 412 572 864 261 847 379 722 456 166 314 873 113 63 797 698 289 97 394 374 123 393 96 742 640 531 83 292 647 440 537 156 832 435 200 766 107 762 61 36 359 548 523 593 483 460 229 446 46 117 555 451 307 664 571 730 36 393 226 623 273 129 423 501 757 739 180 778 644 225 336 47 762 385 442 127 194 54 597 743 491 516 776 56 633 297 193 633 77 263 708 612 617 448 425 645 92 18 385 624 310 73 29 93 299 292 426 243 667 225 46 287 4 519 432 544 375 155 541 248 442 526 87 441 737 144 760 45 421 329 332 393 607 726 616 378 520 512 743 341 15 350 113 654 196 462 669 495 216 343 622 360 638 579 246 50 35 12 366 226 28 539 25 63 639 711 152 546 316 238 523 630 345 125 383 269 219 69 629 574 429 614 108 706 414 398 662 182 264 497 179 518 141 495 629 19 620 354 712 364 682 608 31 20 238 420 283 342 677 547 110 276 539 467 567 420 333 662 440 550 236 683 156 665 361 599 358 520 306 2 18 267 28 139 198 505 388 288 564 657 306 216 60 611 226 535 183 105 216 410 402 74 76 475 395 148 272 30 244 557 452 332 529 382 429 527 358 583 98 238 103 47 211 342 636 319 43 481 578 96 155 71 262 486 213 524 568 291 74 141 617 291 124 40 79 493 212 352 539 291 231 203 581 477 592 339 426 276 28 15 566 337 51 580 371 466 486 513 428 272 64 71 25 498 106 315 133 50 555 367 407 125 36 49 568 292 350 198 406 427 381 173 83 338 320 528 144 502 33 71 115 190 437 320 7 219 158 159 369 267 422 372 251 523 63 67 413 49 495 99 520 141 63 85 471 229 73 209 382 357 305 45 112 477 122 224 28 52 143 65 57 216 182 119 132 65 316 322 441 317 54 311 185 139 497 373 22 290 360 455 28 436 439 418 374 126 161 450 53 276 261 214 252 178 319 12 21 483 158 349 403 15 41 146 333 343 96 322 454 90 468 79 411 44 66 264 108 146 187 86 218 124 256 24 246 190 335 195 342 399 178 396 30 9 84 45 369 291 323 375 303 352 106 88 155 408 282 15 411 44 126 108 289 85 376 83 413 269 340 61 303 365 143 76 110 238 389 101 31 255 218 409 188 329 65 365 8 345 30 84 274 7 167 166 140 121 193 367 333 148 107 201 213 125 63 8 264 351 179 276 298 60 300 177 197 86 298 215 64 63 80 365 73 40 83 68 198 83 158 336 188 311 211 215 170 28 210 224 304 292 350 20 1 292 66 66 344 101 128 297 82 330 164 162 109 321 257 224 287 314 198 107 276 43 325 38 233 218 94 316 183 156 173 122 118 250 50 257 19 8 44 6 282 166 155 45 18 120 168 215 208 4 202 18 215 185 109 97 272 104 235 76 16 220 127 48 141 74 29 61 40 174 80 191 112 229 154 54 198 66 138 19 68 231 6 69 93 12 101 174 172 30 98 196 51 10 237 221 23 217 162 29 33 245 180 138 164 133 21 148 196 127 65 215 184 185 108 34 66 9 1 28 160 99 55 217 27 10 70 48 87 2 57 63 195 96 203 16 29 110 31 209 91 75 127 201 194 197 147 17 93 137 196 22 85 71 105 190 4 69 82 2 127 128 137 6 87 96 125 105 90 148 103 164 115 73 90 117 144 139 59 152 90 76 129 23 21 49 9 77 43 50 31 36 11 60 146 33 108 7 67 140 135 19

980 983
440 271 202 790 881 11 104 423 251 142 744 643 423 17 947 49 350 677 468 214 866 83 515 661 689 83 741 36 633 607 706 478 357 435 158 15 632 682 347 690 888 728 457 835 519 224 319 491 34 317 722 886 903 483 186 722 281 745 93 716 648 475 391 380 52 178 767 14 668 558 783 118 756 457 273 431 187 794 156 761 121 705 663 534 404 421 450 578 667 352 901 452 522 715 117 193 903 385 28 579 915 588 112 761 273 303 156 475 519 310 971 830 275 130 946 715 123 298 31 582 173 620 319 173 556 389 620 270 445 273 551 175 742 756 266 156 837 198 449 277 216 553 966 410 776 676 874 406 459 492 524 928 416 299 899 585 304 693 367 486 279 696 53 564 950 932 619 321 975 4 322 833 393 148 155 845 644 521 495 772 284 772 192 545 58 521 754 256 532 552 436 652 303 848 124 407 315 475 49 212 159 606 418 135 32 228 113 422 741 624 412 829 833 532 28 888 672 427 946 725 221 149 942 23 771 35 555 263 922 771 14 857 100 680 373 890 531 708 4 682 822 444 374 861 650 464 468 154 353 614 738 585 639 36 703 86 484 669 682 196 607 869 817 624 387 156 879 183 219 410 798 437 150 502 550 446 550 780 421 889 393 353 773 844 263 766 464 17 467 444 672 697 566 301 556 223 265 915 737 30 140 353 378 675 191 301 922 713 119 980 344 325 757 476 285 24 562 790 894 606 772 688 312 932 257 746 726 749 405 251 353 579 874 152 26 863 923 824 477 455 460 215 58 673 509 668 488 152 577 914 432 817 324 587 855 178 773 536 188 167 812 131 335 470 334 184 205 436 122 716 905 872 59 154 866 336 393 438 349 899 754 21 181 10 270 787 310 237 578 559 893 328 887 624 66 52 281 837 833 238 200 876 117 979 478 565 684 632 157 713 328 316 178 589 672 10 937 795 453 833 522 633 216 424 358 536 12 72 50 732 554 548 977 834 842 728 711 465 273 365 43 221 907 372 552 494 928 179 930 633 455 53 924 638 843 768 34 733 263 661 741 596 947 914 658 967 636 245 802 454 935 517 768 722 802 62 29 424 772 916 862 167 254 586 881 894 511 576 816 124 779 473 22 763 222 209 316 959 341 776 832 817 960 405 274 288 326 697 606 167 566 795 111 814 629 221 251 673 350 499 887 442 866 830 241 242 501 478 303 66 846 392 204 978 343 610 674 140 205 348 160 612 130 377 70 517 889 26 486 563 966 114 571 735 666 97 972 284 354 631 219 306 50 793 38 610 273 403 171 432 106 866 185 179 349 757 675 568 379 23 627 898 828 527 931 472 592 499 245 706 258 267 557 504 307 199 856 41 537 659 772 199 863 180 447 489 515 699 560 95 648 869 334 141 455 892 903 850 661 939 226 817 826 672 142 247 611 810 130 619 720 943 373 809 75 587 886 3 418 812 167 66 475 374 583 89 807 335 107 617 888 642 725 783 30 948 565 601 182 286 821 47 331 520 669 194 427 430 264 282 29 104 50 54 552 392 385 698 173 879 169 107 682 828 746 234 358 606 324 274 17 139 825 346 607 368 160 844 387 800 401 640 391 704 186 177 753 623 694 183 679 396 210 23 572 127 688 13 453 437 535 271 791 124 98 348 661 971 459 896 915 734 347 108 892 132 318 188 954 322 513 27 399 527 801 310 433 774 12 348 810 63 173 484 562 446 51 436 868 897 592 612 205 302 933 403 354 782 439 237 191 533 259 795 472 294 361 327 173 897 443 457 382 771 100 579 513 38 829 976 216 104 320 966 578 914 268 105 639 689 90 95 755 342 215 723 199 434 424 141 962 351 184 693 77 442 900 232 926 496 21 427 257 803 144 513 451 874 811 32 835 617 576 185 971 784 953 288 691 654 744 739 525 532 197 775 104 592 566 801 497 259 332 290 619 672 730 687 203 118 444 223 235 574 76 341 450 843 212 550 286 882 739 931 580 587 351 811 270 65 954 90 524 459 761 833 397 946 883 565 344 754 479 643 453 512 392 573 599 935 577 640 890 882 351 610 188 927 74 889 578 494 718 864 280 920 124 326 121 481 914 42 64 625 114 866 403 305 249 402 337 114 107 699 127 486 521 235 4 895 696 379 602 275 60 245 34 512 838 707 634 209 340 387 320 555 613 211 751 558 633 822 799 80 850 248 60 585 493 492 437 836 387 610 736 804 527 397 275 223 149 592 268

970 995
440 465 759 609 465 493 63 823 680 943 294 941 198 698 962 133 390 848 655 841 15 5 32 356 546 15 888 568 478 564 725 19 379 274 815 249 762 863 755 895 203 133 285 34 584 517 165 113 104 52 302 135 828 507 624 84 959 373 552 737 560 561 807 723 487 181 875 604 355 135 100 542 696 529 473 840 211 852 798 398 423 628 867 169 961 302 463 536 713 690 813 861 223 320 183 314 216 231 91 259 268 38 656 498 514 820 831 729 871 365 59 748 445 504 855 779 264 534 332 682 61 475 659 863 220 860 829 57 182 726 384 324 677 285 609 423 772 689 485 702 307 402 723 46 96 714 472 408 903 79 768 916 496 397 450 490 636 120 84 244 653 422 968 420 806 742 395 126 466 448 681 844 746 632 722 451 791 649 759 742 539 744 133 324 304 6 876 593 574 355 230 554 735 514 754 890 771 629 659 751 517 827 338 966 903 767 161 237 765 260 710 72 948 899 949 604 376 210 175 758 272 138 804 318 274 802 861 741 712 793 219 140 173 180 312 237 202 838 215 866 37 358 12 872 301 521 290 869 642 866 766 208 100 502 422 206 646 262 700 636 725 252 450 895 677 893 483 154 42 327 33 571 36 258 571 818 385 3 75 127 586 634 894 474 414 646 807 273 162 596 271 578 961 320 940 261 98 894 76 98 797 481 292 236 81 473 621 103 964 182 261 165 794 614 912 936 782 3 136 638 577 583 756 317 659 452 679 850 34 586 847 805 726 237 17 899 393 435 832 905 661 383 162 2 954 422 691 197 660 837 411 690 156 787 668 768 73 81 790 616 765 908 374 667 90 467 286 338 861 414 390 296 520 329 142 894 672 657 299 567 424 68 370 790 162 488 474 259 464 516 589 880 288 903 278 598 927 441 231 645 967 178 478 557 644 794 287 353 572 942 472 133 227 107 861 69 855 649 645 215 63 629 68 885 847 706 771 13 659 540 687 459 628 620 657 911 924 264 224 129 606 191 309 628 16 914 498 46 293 930 593 494 687 31 880 403 815 920 773 221 455 702 720 95 361 513 287 29 894 670 130 600 579 836 332 92 681 542 836 460 258 385 21 363 155 141 731 540 453 629 378 549 200 652 155 169 285 857 645 58 858 341 186 478 771 432 397 1 561 229 540 585 582 286 27 743 799 593 490 93 551 684 838 772 719 628 837 297 117 428 619 337 38 167 291 778 18 469 710 170 316 667 193 370 318 681 351 25 367 383 168 447 742 179 78 285 694 648 412 616 9 329 246 13 544 199 318 610 324 526 396 321 12 482 581 408 577 711 677 84 739 124 32 610 719 414 124 776 427 712 98 550 757 350 739 677 501 290 59 10 729 439 479 132 741 1 554 702 158 691 552 191 75 326 765 573 174 507 52 27 538 729 51 179 323 332 508 129 596 190 722 261 539 689 120 490 158 585 30 354 608 10 158 547 668 370 630 510 26 406 220 66 355 270 583 525 670 713 552 37 179 96 97 620 314 296 641 226 392 49 48 666 403 608 60 388 704 165 37 340 674 412 237 613 471 127 253 391 600 668 448 641 526 278 304 648 340 401 7 485 516 257 367 425 6 325 181 543 227 465 137 266 2 394 507 192 347 102 612 96 506 502 14 515 529 41 89 360 507 462 644 621 404 316 618 313 318 468 385 338 568 100 635 88 202 294 451 388 431 405 615 416 435 566 438 10 82 574 344 149 472 394 535 354 443 181 170 249 356 43 227 582 463 302 345 274 236 402 101 541 330 598 117 99 416 543 265 411 327 403 259 376 19 12 292 43 197 33 581 107 224 456 254 509 108 474 365 443 369 356 172 547 490 531 467 384 429 559 137 430 69 134 410 76 155 195 307 462 218 205 221 265 284 165 95 336 15 532 29 120 290 64 363 115 23 94 315 264 149 420 262 234 137 279 72 248 266 338 27 340 246 239 345 447 238 435 336 373 485 237 75 495 296 272 315 360 423 408 202 476 378 464 161 280 222 218 340 145 237 85 314 388 291 356 163 465 7 206 319 5 47 77 193 472 262 222 205 5 25 462 190 292 133 287 426 342 136 167 291 243 17 236 450 221 68 78 293 126 264 334 132 60 362 292 339 198 387 37 154 411 433 151 40 270 75 213 224 166 94 225 416 193 210 8 220 231 145 316 30 280 139 214 382 334 226 11 389 298 58 214 239 65 233 207 192 256 32 125 54 102 291 169 84 92 229 251 72 203 383 325 66 236 164 111 385

999 969
344 732 6 235 413 425 898 133 178 851 724 77 85 247 133 516 830 430 750 900 912 534 565 86 127 948 720 604 815 324 44 990 476 957 692 376 609 475 736 481 692 672 553 829 778 680 52 910 867 532 931 633 132 856 321 640 335 413 602 97 962 815 529 673 181 157 724 38 699 416 620 292 980 961 341 632 254 998 538 850 721 153 783 456 304 858 161 641 535 488 85 857 29 678 204 857 325 571 534 846 875 91 810 591 822 766 506 342 152 821 495 425 417 446 894 846 297 635 321 753 68 164 276 84 867 661 590 142 791 291 544 388 709 84 315 200 691 926 879 891 515 556 42 166 479 53 685 570 267 957 678 420 339 206 96 525 757 988 809 566 742 681 739 738 787 615 532 915 17 348 465 12 866 374 667 853 254 577 572 6 201 125 450 877 546 424 53 280 480 794 415 405 641 641 181 961 239 674 453 477 32 295 645 543 838 868 872 604 209 229 644 936 384 784 864 764 499 860 819 977 134 669 181 99 233 623 979 808 860 963 394 947 764 145 816 533 274 19 945 570 572 981 772 86 42 10 608 692 487 184 578 834 67 764 195 911 851 673 553 267 638 417 329 570 844 773 827 27 592 846 986 273 973 443 693 213 277 502 239 701 304 172 874 302 357 125 142 377 204 643 282 624 138 537 30 334 468 539 511 977 487 109 698 879 971 826 639 881 922 234 466 712 717 858 348 359 794 146 332 512 114 861 185 194 187 821 159 730 578 232 923 14 681 809 512 391 364 310 608 78 349 641 622 649 848 663 736 85 67 312 917 480 279 685 891 239 315 459 460 737 413 712 976 619 160 528 575 201 963 835 517 769 213 680 485 571 224 72 540 6 820 107 577 194 702 492 695 875 569 121 251 956 781 104 176 978 495 161 368 478 706 731 110 574 850 591 76 459 65 341 932 866 291 643 424 226 746 53 170 391 898 852 225 765 337 527 667 377 155 768 454 475 838 95 327 828 158 300 227 149 642 568 556 934 389 209 335 804 919 162 370 293 469 783 407 412 819 198 348 658 429 113 169 453 166 913 618 856 456 469 788 292 426 814 160 463 863 523 877 368 898 746 251 24 557 502 310 778 325 325 788 506 689 886 693 880 233 151 618 450 355 190 859 364 402 426 37 591 738 784 731 390 440 532 161 520 332 493 83 276 772 47 133 824 575 436 699 32 358 463 150 166 454 18 715 97 780 232 752 794 733 424 428 785 475 484 535 484 297 771 795 639 799 293 450 236 459 28 601 327 142 194 342 62 6 678 802 87 116 70 344 788 384 144 105 226 355 568 526 105 715 408 359 127 55 588 374 9 393 540 584 56 692 587 605 395 183 73 251 622 413 168 250 733 421 562 649 690 585 612 74 9 12 516 440 760 356 320 237 367 728 489 477 129 356 432 568 190 49 435 310 126 384 590 644 484 418 409 129 415 120 232 456 511 622 389 207 672 664 192 492 437 107 486 433 326 199 708 238 259 402 389 174 219 411 113 703 352 100 83 237 598 29 53 636 463 108 454 408 158 243 604 89 391 42 27 467 132 609 394 345 149 285 467 549 404 562 620 383 629 86 646 209 426 344 512 638 661 52 163 109 427 358 222 243 204 626 543 34 395 206 274 82 240 499 241 141 511 510 527 566 215 513 601 342 446 474 272 475 410 614 571 21 452 144 112 366 134 58 224 469 226 75 352 191 245 508 358 302 303 256 553 481 252 487 32 477 545 380 157 316 14 547 476 604 465 338 151 6 311 522 79 354 459 17 550 496 473 315 342 163 5 506 322 542 337 377 399 138 162 21 438 172 287 5 107 187 569 419 134 72 229 213 458 539 158 51 383 224 232 136 514 53 9 457 21 375 473 205 519 61 276 114 161 376 345 418 382 307 282 91 372 276 124 395 94 475 352 455 92 312 32 233 494 271 401 224 97 221 187 229 284 75 413 127 415 424 323 504 240 429 343 398 306 122 437 489 177 380 197 14 281 457 107 60 154 398 398 360 377 73 245 86 479 255 417 403 369 77 60 212 130 292 192 48 16 224 295 77 262 190 443 233 117 155 5 96 119 72 37 89 268 339 445 296 373 187 267 328 317 188 432 395 165 314 224 250 217 281 365 86 119 292 308 272 8 390 262 401 59 203 353 409 69 139 91 11 9 19 210 114 68 416 174 83 389 127 55 172

975 989
813 761 563 180 659 940 181 507 88 208 691 86 114 441 528 446 746 471 644 244 271 294 696 674 323 450 887 230 445 659 656 973 441 967 557 238 83 859 857 706 137 132 584 222 232 798 509 639 148 387 625 564 264 165 943 792 420 678 560 282 633 813 303 76 698 237 242 88 269 667 812 797 544 66 639 118 794 146 424 325 462 597 152 285 425 403 504 802 582 172 749 840 59 25 561 542 185 855 513 572 881 69 227 631 28 497 485 565 347 759 118 651 283 252 180 254 890 960 877 612 910 536 455 412 567 814 588 966 298 364 668 574 834 712 822 220 504 477 404 635 855 803 267 577 276 179 657 887 697 487 957 143 348 782 513 477 397 480 481 238 332 490 599 229 244 224 826 540 61 835 282 637 297 5 823 175 586 456 585 158 377 114 968 973 78 108 2 733 315 635 523 398 945 9 19 397 3 633 934 65 271 260 926 190 585 426 194 301 912 569 616 520 347 185 461 789 352 470 830 8 925 74 62 61 596 593 330 817 545 741 682 700 635 535 173 119 107 332 188 809 515 330 677 684 499 352 807 309 476 941 942 7 664 353 719 157 111 476 376 666 759 528 405 918 210 398 767 879 431 856 804 839 447 941 616 153 35 167 744 314 55 50 201 768 895 33 290 873 225 358 628 891 703 299 448 187 12 116 962 327 364 655 45 298 737 617 45 556 233 142 950 54 809 891 683 889 194 158 485 665 95 135 377 366 657 154 590 891 959 961 397 4 609 83 922 133 781 252 711 819 49 37 937 81 912 66 932 946 494 367 793 104 484 447 945 389 97 301 245 142 401 603 895 102 857 460 536 590 871 166 95 561 412 196 540 342 908 125 795 341 195 454 865 938 695 972 734 72 786 566 366 725 361 892 115 508 114 823 60 445 108 491 183 389 351 658 877 603 107 682 154 582 12 734 175 823 593 33 124 586 233 441 260 184 776 299 316 687 674 552 750 34 653 440 735 294 766 729 200 843 277 715 189 408 745 794 14 357 30 661 185 571 737 503 331 143 707 112 243 543 560 344 105 393 357 486 66 605 58 954 463 611 805 185 1 402 105 418 237 211 410 189 645 713 954 816 865 226 149 536 532 470 485 448 377 478 167 950 533 775 238 100 667 395 786 202 807 258 718 88 128 423 334 328 48 150 609 712 975 419 415 629 658 394 479 742 396 680 351 912 611 948 419 601 554 699 348 98 807 577 2 367 56 401 129 402 127 379 900 897 122 867 830 825 666 803 547 323 482 508 62 673 890 580 403 796 623 767 880 508 402 36 593 321 42 610 888 196 281 396 201 827 907 259 140 256 476 407 103 900 84 338 586 181 485 80 694 38 284 394 154 11 57 337 178 203 195 340 133 821 34 625 729 598 234 563 595 389 239 229 286 655 605 460 519 645 398 32 587 437 263 466 198 487 157 198 839 694 150 410 686 379 844 8 568 799 394 110 407 431 335 746 826 145 360 359 591 700 331 661 762 687 432 75 477 130 829 13 825 482 710 478 501 172 58 246 333 671 50 156 77 27 337 151 694 413 768 584 612 487 255 783 803 617 635 752 285 510 50 25 432 586 213 424 696 236 66 169 533 561 734 212 154 189 689 422 662 562 454 683 564 667 197 214 772 237 125 682 561 277 248 389 160 27 204 437 11 43 707 100 650 251 640 288 648 680 523 510 422 534 497 744 222 456 343 137 638 222 301 323 580 440 696 231 263 479 61 501 685 419 282 345 272 439 278 500 164 450 162 318 99 420 63 381 583 278 15 315 676 697 655 50 188 589 421 590 305 311 617 24 102 175 628 327 608 390 487 73 334 531 93 315 320 659 13 213 664 409 470 433 390 572 539 652 188 160 203 333 90 479 86 340 43 398 446 597 501 572 406 226 569 38 527 191 116 206 337 398 416 259 615 232 477 336 503 500 219 411 534 381 384 617 11 309 139 263 413 49 92 23 492 456 24 247 363 553 8 137 309 394 224 353 264 362 591 10 124 176 334 485 54 421 430 222 383 521 169 535 248 256 91 145 79 315 454 271 25 268 457 209 508 22 526 198 359 497 114 254 414 373 476 410 242 294 71 386 381 268 567 339 284 408 386 401 308 89 226 270 263 556 256 494 386 34 115 323 44 379 208 538 279 137 467 112 267 268 5 211 520 89 395 495 340 6 10 500 238 430 270 508 347 504 206 286 411 463 184 437 90 230 51 315 365 341 425 324 248 315 6

983 986
190 827 645 3 823 45 659 736 275 813 596 983 479 380 280 365 504 262 813 504 93 855 14 838 953 565 450 491 46 534 327 471 153 742 475 797 335 665 45 575 811 979 706 501 22 215 33 642 109 224 620 313 227 89 717 678 84 969 548 708 198 854 3 784 315 757 392 645 658 705 687 928 840 511 937 83 99 429 52 161 296 120 826 702 59 947 61 60 382 304 464 843 687 877 39 137 904 839 228 698 796 516 107 714 728 866 80 112 665 624 590 469 294 576 419 480 50 183 718 920 271 928 543 819 97 594 390 268 738 298 206 50 83 304 211 196 447 861 221 294 383 264 444 692 290 188 812 400 872 704 594 691 2 177 803 892 652 47 834 412 414 884 434 336 599 822 106 60 613 660 36 307 200 325 16 342 230 245 494 662 403 443 440 443 265 273 747 706 219 775 115 838 2 639 557 423 509 138 112 119 341 702 228 305 276 107 533 400 653 233 437 523 354 630 427 60 362 470 70 618 258 184 448 26 697 517 659 103 277 393 517 610 518 507 482 749 115 743 375 94 484 370 637 612 431 187 74 180 138 789 306 744 28 777 328 587 571 120 566 542 376 613 573 453 618 162 443 9 689 77 523 522 615 337 545 307 73 391 661 359 400 684 300 637 206 285 689 510 388 103 670 736 160 282 700 412 513 3 678 69 45 592 659 473 124 188 114 107 302 541 150 65 445 445 401 662 209 246 379 162 132 11 724 114 462 466 463 19 372 67 158 494 688 655 253 642 338 576 711 38 566 396 449 526 199 386 216 478 102 577 460 541 627 668 598 610 397 382 211 356 269 266 186 513 30 249 319 270 160 423 603 31 203 600 3 260 307 333 652 309 425 30 658 194 88 133 239 662 630 407 165 246 35 34 649 530 78 179 41 155 557 109 192 223 255 31 427 416 549 105 522 455 610 16 353 88 455 626 442 546 82 36 545 327 605 183 221 215 162 350 481 248 406 234 301 465 448 609 14 110 36 264 52 592 559 64 154 91 256 216 447 334 130 490 338 288 572 463 470 177 257 148 138 466 371 285 455 76 361 483 348 494 513 570 126 571 369 67 224 61 77 311 541 84 17 135 529 38 459 540 38 254 256 26 397 343 502 62 250 46 528 144 238 433 542 346 534 66 510 310 253 378 156 250 195 23 184 510 82 203 370 208 1 90 51 33 430 497 388 137 227 197 274 306 123 245 341 211 419 442 23 251 244 186 128 260 242 480 309 13 68 21 309 39 163 464 339 480 338 177 2 214 478 129 367 192 370 256 414 381 255 464 249 324 279 209 223 141 105 462 40 69 32 449 149 293 315 241 387 193 173 304 165 128 249 317 100 8 182 323 203 65 436 74 300 162 283 349 41 124 74 306 242 358 409 218 254 11 242 284 147 395 367 103 276 12 111 182 161 305 193 118 293 352 234 7 223 247 62 82 312 207 30 130 313 231 103 190 263 381 194 279 181 209 74 75 285 367 388 317 271 156 194 150 253 347 310 269 208 204 171 156 178 225 317 166 294 330 95 227 266 358 101 107 325 279 282 295 280 360 354 74 84 17 216 289 40 228 50 171 349 187 274 239 62 184 331 126 332 32 340 8 146 335 244 73 281 210 221 318 161 304 4 243 152 261 310 20 30 33 168 167 72 44 9 209 300 18 100 33 207 108 195 178 57 196 127 116 283 234 81 106 102 249 233 220 139 231 148 8 267 151 85 90 35 284 175 28 201 207 207 172 171 79 275 12 66 186 246 28 4 151 109 188 44 50 252 258 82 196 9 48 220 53 176 215 135 122 82 157 79 248 98 2 203 51 182 218 209 6 104 73 89 228 208 22 213 84 170 153 163 178 90 46 194 151 70 22 6 2 60 14 119 135 10 190 119 38 46 89 164 29 11 2 198 135 105 193 71 76 85 22 24 195 109 6 107 85 94 3 103 132 179 8 53 180 35 111 145 28 166 162 14 150 84 164 99 111 5 103 56 9 28 58 57 99 133 37 67 143 106 123 108 154 32 88 23 23 92 8 146 37 68 2 21 144 104 83 24 140 137 32 63 60 97 101 20 72 13 106 79 31 119 25 54 50 51 34 120 87 37 91 68 26 25 13 21 5 63 88 103 56 46 43 10 18 43 59 28 31 38 84 30 6 58 32 4 14 18 72 16 42 82 67 48 45 81 59 64 75 16 1 15 12 65 62 43 61 30 63 23 13 42 49 61 9

998 988
284 459 56 630 274 422 243 342 684 320 711 517 438 722 661 307 517 43 816 790 719 155 652 347 211 387 707 15 883 546 21 932 993 760 979 440 426 549 897 965 522 336 324 808 407 930 366 593 943 35 146 386 525 937 43 929 330 830 436 806 734 641 202 242 986 672 224 271 238 916 465 614 32 927 693 462 148 633 344 236 580 233 781 913 722 314 407 647 573 19 733 749 673 996 695 162 389 534 789 667 797 943 350 540 661 683 488 83 449 420 268 277 706 305 251 225 597 523 354 813 218 30 38 42 163 68 560 822 541 46 291 862 862 977 994 926 340 477 373 914 984 845 912 255 196 267 653 537 775 847 865 336 926 335 95 778 4 674 474 570 860 740 446 192 469 758 925 296 646 871 729 393 173 846 985 323 799 781 866 288 815 318 554 63 735 239 834 181 23 647 644 782 769 717 976 430 230 662 105 945 924 183 732 319 857 242 462 327 606 860 822 155 506 380 643 442 173 469 27 946 382 224 588 391 719 218 423 991 803 258 534 227 789 179 775 143 821 661 254 942 410 818 893 20 480 390 78 131 808 325 133 559 75 102 565 152 797 960 365 576 145 641 205 948 307 378 95 834 658 71 458 601 595 594 858 364 220 849 402 682 805 89 119 63 601 231 846 568 916 469 363 449 558 772 941 692 889 115 53 810 511 351 455 712 62 847 766 909 211 675 335 20 132 165 14 120 37 50 703 80 898 4 232 19 865 387 825 328 109 58 438 860 205 846 829 33 803 175 278 40 321 499 919 41 558 228 263 463 5 495 860 128 569 514 720 759 779 36 907 907 53 214 441 297 659 612 101 741 300 721 479 504 40 326 48 563 291 746 362 388 60 327 814 478 449 154 779 507 520 108 307 231 191 405 246 799 252 435 497 841 178 812 701 57 60 668 255 823 463 227 18 59 115 304 10 233 37 544 60 517 663 680 524 69 179 712 423 753 838 445 727 145 560 6 307 655 26 630 490 656 418 710 480 297 561 386 391 517 526 161 467 399 331 437 125 328 570 679 533 390 734 311 804 5 68 101 327 532 547 294 191 17 601 672 693 237 651 314 319 246 132 384 137 182 95 757 706 40 452 695 19 215 33 422 189 564 356 747 527 659 401 66 367 7 563 380 670 422 744 280 602 259 250 423 469 144 13 106 392 243 516 122 139 496 277 14 79 68 5 602 112 174 368 5 627 677 432 400 309 614 398 277 365 724 67 39 544 381 268 341 214 271 386 48 289 498 605 181 523 367 74 92 404 630 598 135 324 423 294 124 209 385 465 363 509 404 81 619 366 575 71 658 456 481 208 69 85 622 414 377 307 239 479 31 301 271 490 62 159 330 408 60 558 54 433 503 331 306 635 87 38 482 177 34 93 524 451 531 124 66 90 62 421 618 280 567 302 247 402 128 325 192 607 610 390 31 545 601 73 302 57 210 488 339 32 409 534 226 191 428 72 535 265 527 4 561 146 188 333 85 318 76 292 231 142 244 311 527 46 172 188 348 61 386 286 443 82 375 73 497 392 429 232 249 68 513 532 507 245 522 358 432 187 543 316 165 328 75 369 339 504 212 178 284 430 391 247 122 86 514 16 327 417 551 137 312 189 354 483 43 517 131 53 358 127 473 62 63 124 256 515 43 452 277 424 451 233 444 369 35 75 435 373 381 401 99 520 148 494 116 510 423 448 266 74 152 506 405 90 462 434 258 253 102 405 409 470 47 65 331 12 194 259 424 302 404 387 263 407 157 11 322 108 262 57 48 93 268 107 362 60 161 253 238 160 187 249 466 306 243 397 451 184 295 189 220 358 164 57 79 356 448 339 221 113 266 44 136 432 307 188 345 73 315 209 134 266 242 273 70 319 430 114 135 2 316 41 100 82 93 42 71 411 131 343 340 257 375 10 409 353 110 406 96 145 366 165 25 402 139 191 245 28 121 370 289 197 232 170 66 135 76 208 196 308 296 331 106 226 79 83 25 367 285 61 4 159 198 52 67 188 232 65 247 335 287 333 187 72 90 181 154 43 185 72 82 174 98 325 112 4 45 58 154 294 103 160 14 287 1 321 58 203 307 145 337 278 164 83 40 145 328 96 329 33 298 254 190 257 81 189 83 221 141 281 98 146 11 280 26 234 101 269 71 112 238 251 97 250 193 109 223 171 288 193 199 51 92 26 51 54 40 216 57 219 121 19 133 288 109 207 272 105 225 17 3 51 209

979 995
188 484 31 195 752 333 256 734 236 979 142 378 509 15 961 165 227 816 534 653 612 750 495 100 301 412 43 390 518 54 214 37 858 502 26 560 260 304 63 536 701 625 369 777 456 978 464 31 635 363 481 788 596 417 182 498 261 905 33 889 703 264 93 772 942 714 575 354 465 725 86 354 599 306 83 273 764 193 267 311 180 20 225 29 630 796 563 126 266 678 732 512 110 127 778 469 102 139 626 218 649 407 461 759 528 660 893 549 557 387 769 293 150 107 851 588 193 604 667 2 277 437 619 110 141 395 449 782 113 378 203 687 889 436 739 503 79 844 783 672 913 842 584 215 468 802 88 140 334 250 281 508 974 31 831 432 808 484 40 739 534 410 769 651 579 213 98 74 469 111 770 684 13 188 285 601 735 123 633 457 402 195 809 590 413 673 69 668 542 101 830 436 614 897 887 741 901 76 591 321 810 471 448 723 437 957 79 558 837 93 642 384 88 879 786 645 369 792 447 46 849 109 941 720 240 641 851 947 526 540 329 217 257 699 901 334 202 547 292 557 83 767 760 942 719 587 864 396 471 661 795 533 129 837 598 759 531 746 943 661 54 180 691 911 636 251 588 676 26 518 272 590 242 248 28 692 441 10 705 854 176 204 354 406 317 59 697 371 296 747 647 553 91 387 369 756 393 811 385 680 422 979 971 154 349 408 617 394 543 236 355 947 861 486 520 294 597 765 637 10 471 182 11 367 612 35 474 714 757 963 674 188 306 14 847 624 175 20 33 827 399 281 317 429 818 952 183 907 203 438 606 625 52 845 675 866 853 420 274 455 151 231 567 396 700 485 839 572 124 558 74 65 923 387 586 630 195 70 537 37 90 454 342 170 389 936 825 894 91 182 977 418 412 22 325 237 280 473 799 108 237 762 851 785 666 360 705 935 12 6 529 206 627 111 660 508 971 200 36 5 455 922 307 791 366 931 879 461 598 523 807 347 624 742 19 97 613 380 131 342 638 666 836 247 485 846 933 697 316 592 270 939 705 568 17 359 486 784 352 619 901 600 574 167 75 419 769 492 959 307 147 51 443 722 269 382 334 705 220 663 900 578 250 724 206 452 402 538 266 809 234 29 469 946 729 386 519 898 47 26 403 632 489 280 679 296 557 757 27 978 958 959 460 772 938 1 53 91 864 69 21 28 468 156 508 467 789 823 263 211 133 968 31 519 701 147 204 852 584 793 475 646 698 273 559 650 616 128 11 534 468 645 814 511 412 546 176 902 425 17 830 334 846 804 68 98 492 591 302 521 41 30 565 144 699 117 626 385 960 861 457 621 752 49 519 416 787 65 441 562 900 284 740 97 660 43 294 574 85 381 507 837 265 227 754 754 557 895 751 2 316 185 421 11 293 752 235 688 304 182 178 174 381 75 46 694 365 66 449 829 529 356 192 706 468 721 597 94 824 279 625 565 692 381 48 238 391 575 544 251 159 254 101 142 319 341 708 611 322 144 627 298 70 584 190 705 796 293 359 53 313 386 364 54 3 507 384 629 701 859 500 383 78 5 194 634 3 226 84 111 69 94 239 825 273 165 708 612 727 839 678 741 504 809 300 693 696 651 656 805 550 330 24 504 754 446 159 788 462 345 277 818 393 490 514 626 152 576 802 235 287 176 251 125 669 537 96 579 607 189 533 568 471 546 318 288 17 663 332 460 345 364 97 687 533 517 551 324 323 15 212 297 518 560 360 773 565 350 534 218 605 385 188 742 634 282 401 191 101 331 654 218 679 496 614 144 506 179 172 629 423 91 660 557 87 149 542 500 233 200 311 729 99 63 34 367 594 366 67 199 300 498 237 668 64 380 16 185 494 243 96 259 618 265 101 478 7 42 392 32 294 172 343 58 153 68 408 193 562 213 345 219 303 480 218 466 28 302 648 246 304 478 94 539 461 110 291 383 675 442 539 649 469 186 276 3 187 512 78 110 187 390 472 492 427 556 492 501 536 33 176 648 38 438 167 105 369 116 498 395 174 290 465 600 378 98 274 321 278 353 353 177 152 354 10 622 57 303 132 378 566 181 186 180 218 76 506 580 620 155 401 56 2 177 399 518 484 237 337 403 84 543 173 110 265 179 476 267 462 291 245 223 427 70 52 575 152 381 419 556 246 308 469 373 172 508 152 101 315 42 353 409 419 45 314 60 322 415 179 343 36 207 161 428 235 208 213 142 384 556 305 279 10 471 91 448 138 142 384 111 55 366 286 108 5
