25

8 7
1 1 6 1 3 2 1

7 7
3 1 2 7 2 7 7

7 8
7 6 7 7 7 1 4 3

9 10  sbagliato
3 7 5 3 3 1 2 1 1 1

10 9
1 10 7 3 7 7 3 4 3

100 96
56 8 11 34 45 78 7 77 42 16 37 35 2 49 64 64 70 74 3 15 31 18 45 86 29 90 33 6 11 16 61 53 13 51 57 76 36 31 23 27 36 7 58 20 12 50 46 85 71 13 83 24 64 6 53 78 94 43 18 68 96 9 28 94 64 14 58 100 51 97 29 82 95 34 11 20 68 5 89 16 31 86 12 16 68 83 63 52 60 52 74 73 75 15 73 18

97 98
52 10 37 28 58 12 95 65 35 55 48 48 64 86 37 79 27 93 73 94 81 1 85 67 65 25 35 23 83 54 44 71 58 55 56 18 43 89 86 35 24 29 23 61 6 57 33 91 40 17 63 13 51 15 23 4 30 19 14 6 66 22 85 85 37 15 95 5 67 67 1 1 96 23 94 80 34 55 46 11 41 23 46 40 85 64 6 12 68 27 67 1 7 39 74 22 21 71

99 93
7 35 58 65 62 1 41 6 13 67 46 9 3 15 79 23 50 20 68 16 11 80 38 12 73 25 26 37 58 57 70 39 35 28 50 17 25 62 30 14 43 30 28 46 51 18 51 9 8 51 33 8 36 7 8 34 10 38 16 23 26 16 38 29 26 3 12 33 31 28 29 7 25 13 1 8 15 23 2 18 17 8 18 15 14 4 3 4 3 7 3 3 6

91 93
13 84 50 5 5 61 28 55 68 79 40 51 66 66 74 41 49 6 73 76 20 32 63 24 6 56 73 71 88 33 35 32 24 69 63 67 48 23 7 19 84 91 53 40 18 91 52 80 46 23 81 62 37 48 51 44 37 13 78 30 75 20 31 62 78 87 26 45 40 91 90 22 91 40 37 57 41 10 84 73 70 10 49 66 14 62 76 35 63 73 72 26 70

98 91
65 8 74 76 44 92 35 54 43 62 54 39 37 42 89 44 22 7 90 34 30 34 29 9 53 54 25 25 55 4 72 60 66 84 5 35 13 68 98 1 54 21 20 35 66 68 12 6 13 94 12 5 26 22 56 42 83 6 31 70 13 49 55 96 77 89 61 71 7 19 57 82 85 94 87 29 25 12 28 28 47 29 20 98 67 63 95 94 94 38 12

98 94
44 73 68 84 60 94 98 70 1 15 20 1 98 32 42 30 85 67 41 20 64 87 71 78 81 41 23 15 31 90 16 64 94 20 74 19 52 17 44 54 69 29 81 78 22 58 55 19 15 35 79 43 12 82 95 91 55 94 4 74 47 65 65 7 30 70 58 38 92 10 95 78 84 54 11 31 24 14 87 38 74 84 84 55 58 78 79 20 77 66 2 64 44 25

95 91
31 55 42 74 1 86 83 5 14 85 81 47 41 27 8 3 26 11 17 78 75 59 92 39 19 38 35 60 61 37 17 83 5 67 2 77 72 40 43 13 54 17 80 68 95 36 93 92 18 47 84 83 53 27 84 69 63 58 15 20 76 30 23 76 14 49 20 56 67 14 35 69 17 33 45 26 62 17 2 29 26 13 22 11 42 54 17 40 2 41 46

98 90
49 30 78 89 61 40 55 74 32 80 34 78 69 52 5 97 13 61 40 5 35 91 63 34 13 5 47 46 84 33 68 82 13 53 17 50 63 60 59 41 15 3 24 14 26 47 56 42 45 2 25 58 56 43 58 45 38 43 2 52 15 24 22 25 18 22 23 19 18 17 1 40 8 2 33 16 9 13 28 25 21 2 8 29 15 1 18 18 14 20

95 94
44 70 66 73 47 72 4 57 72 76 59 18 94 58 71 68 91 60 2 94 85 30 48 59 53 33 60 50 90 52 47 83 82 44 63 33 14 69 51 94 13 75 78 83 79 65 44 90 71 79 66 16 82 70 71 12 25 8 1 29 30 40 23 19 66 79 12 40 92 80 15 10 92 77 33 16 80 29 2 62 93 38 91 90 78 33 76 84 71 56 83 63 82 80

91 90
39 65 20 89 64 89 66 49 71 7 52 17 27 55 3 54 58 74 10 5 66 55 82 8 42 24 20 16 32 55 4 19 4 57 38 60 23 50 54 41 8 64 32 53 42 38 41 48 29 1 54 1 25 3 50 35 48 41 15 24 13 26 20 33 30 30 38 12 36 3 5 10 17 18 30 27 16 24 10 25 7 11 15 21 12 7 9 1 13 6

975 975
10 512 288 248 387 65 593 4 183 591 498 336 235 614 29 412 245 222 922 282 4 496 826 676 156 335 700 627 552 731 723 89 475 525 224 679 933 184 889 768 302 265 434 294 531 591 224 971 441 555 461 70 949 618 567 859 815 386 500 436 262 150 321 271 207 687 788 294 80 182 362 15 356 609 901 871 293 137 566 836 919 408 740 887 561 458 874 28 455 853 781 502 231 101 954 48 476 503 527 270 461 436 586 202 966 97 484 921 57 322 342 414 502 569 473 317 269 423 891 677 358 963 333 263 413 101 808 248 784 819 238 731 579 492 682 537 867 432 700 280 546 925 489 601 767 446 393 105 554 132 792 956 902 222 355 684 79 792 679 916 578 583 616 521 762 889 509 206 919 701 21 11 337 605 496 514 460 915 230 604 160 936 279 184 892 680 349 908 680 570 304 339 683 312 865 108 487 250 539 758 421 477 27 341 242 77 157 578 250 601 251 234 438 394 600 863 156 813 56 100 683 11 561 294 554 251 166 771 484 438 706 797 918 96 581 225 725 655 373 101 262 796 916 956 260 756 450 29 343 930 271 744 157 532 79 892 941 930 670 911 369 424 903 889 93 328 434 633 458 83 11 388 575 537 358 337 675 248 151 515 876 943 280 881 466 782 520 628 215 111 228 636 489 68 256 411 142 564 365 448 299 259 631 675 908 215 99 896 935 353 759 249 722 380 681 88 514 918 392 419 773 579 904 895 745 616 97 331 240 382 109 314 236 677 368 960 371 728 158 34 881 919 472 105 230 710 767 443 512 14 276 98 933 444 277 62 245 319 469 555 425 4 764 118 399 650 230 333 487 188 467 535 774 848 885 466 603 512 928 297 27 669 666 106 804 450 364 4 810 161 808 58 585 634 138 804 245 65 760 737 165 689 503 871 309 199 636 407 640 275 765 859 91 576 78 545 191 314 196 624 320 648 906 116 445 548 125 38 691 902 715 900 415 364 925 38 290 226 381 91 832 4 667 905 213 588 350 748 773 191 942 450 491 907 317 227 15 710 770 468 358 47 6 752 231 233 325 22 352 685 575 63 201 236 390 171 601 629 380 115 181 163 340 625 228 829 501 271 255 161 505 380 846 257 617 55 345 593 472 132 726 677 571 865 684 264 337 115 275 667 555 113 784 385 613 223 765 337 50 811 540 328 117 375 314 862 245 764 611 425 814 526 39 123 392 837 536 271 415 186 315 560 645 438 199 804 351 773 322 444 602 653 153 424 444 22 67 762 731 746 121 629 281 476 831 773 608 470 14 721 382 802 337 500 400 499 251 128 544 71 388 659 768 501 391 415 441 594 808 151 355 529 176 297 681 573 441 87 433 176 98 795 549 141 30 78 236 356 71 152 111 332 453 740 256 140 517 779 338 587 522 322 184 577 608 160 508 462 614 611 625 118 587 759 395 351 15 184 282 662 27 159 257 146 337 405 298 400 160 514 523 262 214 101 623 64 195 142 349 584 634 688 182 99 251 306 212 376 209 370 170 246 647 243 453 315 649 655 557 525 553 326 96 129 590 207 644 538 329 390 178 603 522 99 492 583 673 471 89 3 288 673 474 381 153 637 442 239 222 605 235 382 562 503 23 273 151 657 166 616 283 619 122 210 630 671 237 16 114 643 667 653 160 185 144 225 629 63 247 38 407 565 125 87 434 500 463 352 243 505 352 294 465 584 243 212 76 108 50 563 2 397 30 232 407 121 410 374 166 124 94 606 46 335 484 563 577 215 468 276 291 451 473 347 22 13 435 236 576 603 600 605 449 331 597 549 276 39 575 39 385 161 450 324 484 515 92 162 206 122 566 81 136 296 248 77 466 397 543 79 466 403 34 7 264 5 482 362 14 384 240 206 116 45 80 68 515 139 436 375 65 242 513 354 483 456 477 95 489 244 168 469 419 81 372 177 345 223 460 273 375 441 58 170 447 489 116 209 331 494 179 14 22 296 56 41 146 86 241 208 254 288 372 131 124 216 163 28 385 417 9 240 63 73 195 463 22 130 413 71 61 210 277 89 440 134 83 444 282 136 298 327 423 367 57 261 286 320 83 316 269 16 331 158 214 67 133 384 129 274 363 183 438 222 86 428 279 425 272 61 134 122 142 170 81 120 444 92 253 191 156 31 134 323 125 277 308 155 100 162 234 16 356 332 59 63 298 429 249 294 34 230 108 165 99

981 999
30 784 650 847 752 399 684 256 838 485 22 368 280 731 664 927 320 60 385 808 195 846 135 701 282 199 343 468 120 854 255 341 481 617 140 528 213 542 707 198 148 302 79 645 413 229 114 264 557 295 533 355 101 136 144 848 605 11 793 543 934 156 836 330 361 979 472 435 133 955 719 918 563 736 196 742 332 406 108 430 396 268 895 241 586 86 745 694 103 263 643 185 904 341 605 176 670 277 251 478 947 815 597 421 143 93 149 194 534 463 857 469 9 921 541 665 683 624 21 255 837 804 903 693 496 359 90 134 752 69 422 187 539 330 385 352 817 260 391 720 152 411 654 263 866 545 142 507 400 394 723 2 211 850 755 547 871 916 716 11 270 911 188 977 80 471 833 110 295 731 400 157 103 175 795 348 900 789 338 732 830 532 672 28 462 567 890 706 231 426 765 921 811 547 661 17 567 318 589 742 781 828 655 612 688 233 5 144 729 152 305 44 465 539 164 248 781 106 820 325 5 80 499 476 563 378 330 666 879 768 368 564 6 909 163 642 495 463 880 8 17 883 365 474 99 25 473 490 200 776 975 671 746 137 874 974 236 236 145 952 5 44 769 942 154 588 554 650 552 870 535 201 415 914 630 433 18 538 889 45 568 122 177 945 375 257 28 421 556 675 941 242 950 797 159 932 505 455 451 615 781 223 951 689 204 313 806 687 793 165 896 956 785 576 232 202 486 144 500 540 32 500 69 775 936 27 810 261 647 642 632 713 839 538 35 25 658 641 446 329 549 665 658 268 945 219 351 53 32 372 35 699 320 959 207 588 824 101 137 638 33 365 977 440 302 792 278 459 388 963 735 400 590 244 156 316 337 524 136 971 398 144 79 407 261 370 450 66 666 70 584 139 479 384 467 431 604 432 711 226 245 287 392 403 696 356 375 411 224 815 672 461 876 650 363 195 955 240 12 250 63 66 892 562 62 619 187 129 525 688 159 656 710 683 908 172 370 460 947 675 687 268 973 873 790 787 227 876 166 474 583 30 934 625 350 619 743 882 648 811 292 237 509 842 405 786 115 377 253 377 714 811 683 714 36 800 708 855 267 917 239 604 781 195 897 584 960 185 846 504 410 700 657 569 806 40 39 816 538 461 512 933 439 70 374 265 432 472 129 772 660 807 185 605 140 801 975 893 629 328 18 534 385 526 279 423 598 61 482 744 314 391 566 383 217 856 221 696 679 70 230 547 954 253 690 248 109 963 92 956 899 13 734 547 952 557 47 327 248 251 344 109 334 144 662 241 969 276 555 140 551 27 445 230 504 850 961 123 400 844 39 402 391 658 567 672 668 464 346 455 836 298 394 224 777 460 113 448 376 587 808 181 257 812 493 323 648 174 387 473 102 302 286 840 185 824 98 648 229 211 540 534 506 367 21 669 552 725 131 47 925 639 332 885 919 145 505 50 860 202 679 448 693 767 930 98 868 562 498 850 817 840 456 135 260 27 276 563 324 152 260 529 469 862 94 733 248 169 82 187 894 416 811 197 554 644 744 859 118 898 85 427 539 924 748 371 418 56 841 891 270 669 419 610 919 603 478 916 603 345 54 399 548 742 327 271 875 212 393 496 354 690 490 299 118 970 892 976 893 345 707 564 807 425 674 395 904 250 16 359 254 863 50 608 571 22 675 891 593 526 351 193 178 3 5 508 29 791 311 876 410 140 217 681 646 508 905 802 809 280 852 629 403 550 710 596 89 308 715 263 785 706 19 838 392 428 974 915 260 196 710 693 120 663 336 574 19 140 417 27 781 977 927 46 325 736 526 663 707 869 730 421 523 143 903 930 658 157 969 75 120 938 318 234 721 658 619 71 257 589 86 331 760 88 302 289 795 936 448 909 247 764 953 172 261 537 234 156 176 736 907 95 63 958 845 238 250 937 682 708 125 918 757 946 460 266 459 771 774 405 763 116 266 756 954 292 903 667 605 351 629 709 595 618 876 159 143 271 161 75 310 716 219 376 125 61 886 358 61 460 269 612 332 754 651 406 2 768 643 472 767 804 876 285 725 163 758 955 303 81 953 812 475 252 267 7 198 476 815 522 240 823 536 406 277 596 530 808 458 244 933 367 148 574 734 731 598 690 777 147 116 666 375 556 265 265 165 717 55 243 617 467 843 538 909 731 180 891 207 29 881 902 742 228 447 386 686 896 186 669 83 626 299 388 467 149 350 534 86 202 224 688 725 881 137 15 114 639 850 407 855 624 242 257 386 659 66 841 232

990 973
35 178 5 476 550 670 30 43 680 157 533 276 538 889 4 425 370 880 148 148 143 274 349 333 147 656 375 194 578 467 757 606 141 781 152 668 395 528 42 184 970 554 475 136 696 460 635 614 348 743 350 532 150 639 793 735 314 525 362 780 49 652 141 457 435 147 86 835 656 435 395 361 703 310 150 1 498 560 317 698 647 824 166 757 164 913 861 943 758 25 756 596 903 893 580 915 873 100 572 298 686 209 571 353 496 102 192 652 776 301 729 434 188 504 832 930 372 82 704 683 500 625 708 178 708 448 810 888 530 747 885 511 40 872 824 361 220 971 453 763 806 106 877 887 779 584 711 940 150 878 522 38 39 640 215 347 769 875 407 735 393 541 458 35 15 764 582 981 170 113 933 827 660 495 3 654 521 749 986 217 425 136 484 247 570 762 150 821 987 674 536 519 464 724 985 467 778 657 86 286 938 312 19 619 366 287 119 620 195 916 59 142 983 369 59 329 57 20 451 207 547 751 840 751 639 547 556 206 741 528 263 494 617 964 888 297 348 136 684 468 573 450 920 143 263 589 679 881 217 689 541 231 703 330 448 309 301 327 227 178 782 953 978 532 522 921 651 232 115 159 285 525 387 720 819 430 497 785 177 889 395 389 171 498 731 242 94 676 710 537 177 960 610 778 657 67 461 53 951 227 402 822 765 841 89 468 270 136 384 837 449 154 878 360 442 304 3 402 511 874 476 267 466 357 230 191 940 666 46 205 370 869 794 298 776 511 974 80 249 846 412 761 432 816 502 959 683 673 574 946 394 757 222 339 246 59 722 62 786 810 892 271 36 351 977 191 491 412 783 331 52 208 438 771 841 651 337 81 271 413 629 696 292 911 637 765 199 913 869 315 777 709 409 437 82 4 904 707 795 298 328 367 532 248 787 624 667 207 138 190 738 521 804 812 952 372 881 112 640 34 68 397 510 8 604 337 525 223 258 91 652 795 592 442 724 785 707 451 103 635 809 302 286 431 647 378 567 965 110 659 175 401 460 263 794 60 551 125 903 928 853 137 203 31 718 671 348 741 273 269 551 975 150 588 791 42 543 414 251 748 75 597 636 265 307 256 445 653 212 29 820 931 278 324 886 214 931 119 887 612 309 864 612 383 503 379 947 966 532 93 942 881 481 250 500 68 455 622 115 544 534 910 31 623 495 765 301 618 938 734 115 21 218 62 853 530 496 534 652 362 459 268 194 397 471 574 212 15 517 658 715 298 831 83 55 678 396 661 282 901 118 120 899 853 714 114 392 287 272 137 680 663 896 779 714 448 417 99 855 416 285 373 804 63 478 373 546 628 382 501 843 851 547 710 666 306 657 298 533 939 486 890 807 210 311 799 896 399 812 898 785 424 436 863 318 531 143 907 441 207 409 435 331 438 377 29 506 605 736 354 962 279 602 164 217 634 934 253 310 332 109 609 707 66 971 333 292 533 742 706 837 582 335 249 709 106 954 867 771 532 790 168 978 297 572 936 498 445 497 306 656 545 418 240 722 346 808 189 263 468 545 428 46 798 358 119 744 657 39 515 891 268 607 195 112 968 575 885 530 243 535 833 364 1 634 937 347 423 356 140 488 168 68 508 509 104 941 724 677 40 489 939 400 761 544 899 829 680 1 345 744 827 702 371 436 294 900 599 704 397 633 712 14 191 77 68 964 603 435 783 334 373 543 125 443 900 560 444 301 86 747 496 777 63 431 756 703 215 259 697 433 359 446 296 919 339 410 621 962 946 797 143 542 437 952 110 838 225 328 421 348 912 504 389 344 946 649 312 178 42 570 705 47 975 480 268 456 557 138 903 5 729 943 51 123 909 757 653 584 818 829 261 778 440 193 563 464 930 812 227 381 663 626 849 809 16 738 813 415 616 456 911 909 730 59 155 877 597 581 440 448 507 56 826 955 959 877 695 435 289 572 773 5 364 356 989 491 124 171 669 263 653 905 6 369 46 808 743 24 317 695 88 42 499 679 250 661 928 414 120 28 264 178 850 409 866 524 853 707 623 418 658 602 794 865 909 637 872 989 125 749 863 748 150 269 529 203 202 84 374 978 283 975 383 973 463 845 860 582 685 325 104 942 272 933 119 122 237 225 439 7 310 946 248 288 279 556 233 843 534 947 487 750 433 550 894 914 3 494 219 919 47 367 414 730 613 743 812 400 493 802 867 599

973 974
929 788 781 782 843 556 786 111 18 585 673 474 432 151 405 647 883 534 706 891 256 753 739 191 26 21 395 776 887 209 219 390 478 234 133 268 823 334 143 767 729 608 419 222 714 143 270 864 290 84 966 490 64 54 578 634 26 487 928 878 103 370 298 465 546 491 262 413 475 420 435 181 970 537 562 158 103 826 652 586 501 95 797 671 332 621 601 845 79 765 269 834 511 159 879 259 874 162 386 566 754 924 221 341 615 859 487 818 806 773 871 512 777 260 883 540 243 425 713 685 678 794 247 5 696 117 446 512 712 593 243 106 790 326 862 440 67 513 485 236 836 617 33 565 391 725 70 240 4 718 327 628 909 76 14 677 168 522 489 131 428 237 475 117 66 922 825 294 230 126 64 124 797 790 819 212 777 743 422 458 453 513 156 617 703 301 376 254 876 680 280 625 153 90 923 496 656 619 844 876 1 389 90 225 373 543 557 705 16 371 715 411 828 30 172 419 446 279 181 338 620 606 303 784 512 26 955 415 504 802 965 431 574 590 320 624 152 110 180 626 919 286 727 392 37 394 60 689 520 244 56 691 557 92 671 753 60 408 175 681 500 281 771 770 417 435 37 694 27 8 919 681 967 551 829 564 490 235 141 780 83 83 467 691 330 381 212 143 696 188 969 542 615 346 853 701 335 266 721 265 321 504 554 120 385 236 272 85 425 110 19 936 763 180 768 423 247 937 73 873 812 730 819 522 729 218 735 636 558 728 438 206 56 436 482 905 109 683 6 263 52 904 514 455 751 598 12 37 968 812 737 637 326 50 532 524 439 347 160 904 86 283 35 766 65 696 268 134 332 672 105 81 937 889 729 89 266 207 887 133 452 973 404 925 394 113 162 191 500 742 715 536 181 745 136 386 846 859 535 2 388 781 495 223 649 124 20 880 46 408 242 372 153 958 238 69 140 460 433 105 34 949 587 48 472 511 570 816 965 214 22 574 273 648 661 402 417 97 688 949 243 439 498 515 219 712 289 159 449 656 393 178 678 39 845 630 604 392 698 825 109 826 87 476 427 126 606 48 53 720 290 558 465 154 903 662 912 540 75 709 304 937 149 131 791 960 510 767 507 589 751 815 355 664 897 118 576 517 136 327 108 640 320 561 47 273 119 12 964 959 637 745 403 520 969 1 40 426 103 797 408 45 196 286 912 972 852 582 115 279 118 761 852 907 151 530 456 180 535 151 665 481 855 148 813 518 950 830 509 301 318 280 662 936 279 833 170 186 99 670 299 561 345 874 516 144 947 809 180 472 419 731 90 283 918 306 466 792 87 958 66 932 618 472 257 558 98 136 963 127 329 572 323 4 299 639 377 938 658 824 184 188 194 395 618 114 482 309 172 733 482 610 867 83 642 63 628 579 55 87 503 749 407 239 857 417 582 446 299 966 934 569 394 401 168 245 359 614 940 820 320 286 558 287 844 576 633 235 50 875 481 145 238 333 600 214 157 507 46 973 299 377 43 256 871 782 252 304 622 583 370 34 181 959 593 893 84 793 111 950 477 695 968 655 730 941 40 26 169 87 462 297 124 938 370 956 351 610 619 663 785 255 233 859 221 732 389 30 467 673 165 780 118 309 297 456 141 237 188 98 943 444 676 781 12 139 51 805 303 560 866 345 926 264 230 115 615 58 253 238 248 90 969 963 346 1 379 768 727 387 195 357 111 388 846 841 948 202 113 775 338 524 602 382 661 249 733 587 701 93 446 36 816 33 961 101 615 200 780 973 100 221 147 747 879 593 429 545 691 72 278 868 665 231 874 572 756 960 967 909 300 742 63 720 619 250 256 441 671 337 402 494 708 289 918 320 459 624 956 467 386 321 342 455 66 529 71 903 359 354 39 385 158 385 837 266 752 958 122 356 36 336 220 328 560 496 57 726 385 49 68 272 439 156 293 282 818 371 571 583 755 735 876 750 403 697 475 904 712 399 580 852 81 556 135 256 637 201 880 855 329 597 224 156 719 572 927 154 387 275 877 550 109 612 787 914 384 219 972 868 474 602 963 618 529 529 174 619 473 727 600 741 910 467 846 891 704 50 47 724 833 146 910 578 239 787 629 103 642 509 823 534 153 441 957 326 766 174 950 791 72 726 395 164 515 953 890 663 220 239 88 709 525 268 965 335 156 961 960 691 35 815 956 643 542 953 748 936 368 43 459 912 724 945

987 975
315 97 47 608 934 78 28 441 953 166 210 331 170 587 505 16 477 60 66 876 862 976 272 264 186 488 326 910 293 707 198 141 732 838 362 16 539 432 290 677 242 447 668 586 399 146 134 447 918 630 279 409 848 92 792 798 589 340 816 312 16 623 184 643 292 926 45 835 915 651 729 575 732 918 263 885 871 21 708 23 367 235 361 80 520 633 376 302 751 687 518 199 684 599 148 269 715 341 781 283 716 768 133 535 134 600 43 673 449 256 687 164 792 570 241 112 767 482 935 529 547 128 111 975 245 139 33 826 920 821 822 828 354 212 281 118 251 199 659 772 834 792 166 852 881 175 247 556 47 267 603 531 835 472 581 149 464 721 762 50 170 345 429 625 379 77 46 309 693 269 708 904 250 72 65 670 303 715 759 913 156 98 457 481 662 768 638 156 219 489 326 927 746 692 81 647 738 164 45 484 942 316 218 854 789 893 830 610 198 27 978 40 195 485 224 240 983 76 446 502 437 113 347 812 710 543 758 538 461 359 165 485 382 220 368 73 172 893 194 21 609 272 204 409 484 351 1 428 17 913 705 675 506 690 330 532 135 925 751 888 752 338 632 908 639 703 369 787 543 976 856 435 763 966 552 387 45 403 553 629 218 917 23 680 646 893 48 95 407 440 468 133 211 662 772 8 748 456 563 662 935 421 267 601 484 96 395 174 111 787 435 676 558 301 521 931 791 982 909 509 58 518 705 224 612 788 556 527 439 364 75 803 446 322 750 290 635 366 629 379 164 506 248 984 420 493 378 874 104 120 323 620 19 707 442 567 928 259 120 610 576 658 981 614 387 323 149 15 159 851 574 356 849 229 346 968 613 519 853 514 640 783 431 236 26 42 792 352 131 811 626 805 833 931 732 984 630 272 300 755 447 483 865 618 315 186 918 1 273 554 426 462 19 855 646 767 884 295 616 304 851 463 866 388 217 424 421 718 165 608 101 736 198 71 152 663 78 278 959 405 248 114 898 922 506 302 256 640 69 742 582 350 176 155 811 442 232 495 301 863 71 650 90 370 376 446 545 282 469 671 594 919 923 854 252 329 859 610 615 726 23 324 51 895 986 610 701 557 602 443 785 832 177 425 173 892 834 672 198 103 828 687 329 830 364 420 121 62 883 517 233 556 16 6 870 809 944 819 448 12 813 920 516 851 680 911 645 258 554 516 488 651 679 471 47 238 119 703 908 746 65 844 582 129 235 342 686 342 519 903 790 620 144 300 933 781 857 866 801 592 909 814 362 277 766 192 73 882 248 172 348 923 457 435 903 491 319 90 545 507 840 283 369 501 51 490 411 404 235 236 943 353 581 933 224 353 482 295 623 830 673 419 386 587 146 11 331 518 775 78 248 126 65 873 315 320 160 868 906 449 718 657 539 397 103 494 389 779 428 1 797 113 308 801 631 671 945 339 331 125 979 846 727 247 80 544 702 176 528 711 491 162 581 963 636 165 654 249 528 803 329 556 590 408 796 115 158 411 389 123 585 184 960 619 508 344 947 828 29 858 435 836 986 699 344 696 980 720 506 575 371 471 707 112 732 238 206 629 920 55 595 127 924 966 914 305 21 900 914 18 261 153 79 786 324 23 586 435 521 322 329 67 86 862 512 829 334 849 50 580 366 42 336 125 575 364 921 340 466 645 421 488 111 49 824 923 894 57 710 863 109 33 547 304 222 523 382 520 769 362 136 186 487 777 840 705 429 50 50 37 266 746 257 406 133 683 355 291 782 407 785 290 717 101 247 527 279 684 599 523 580 137 756 512 760 427 391 88 407 551 286 758 308 646 77 666 399 455 473 134 246 24 692 328 396 510 495 155 827 189 225 417 106 233 271 701 245 367 401 466 776 129 249 773 615 833 34 317 457 632 474 776 477 784 296 426 220 728 699 247 330 628 202 390 141 635 399 212 500 158 58 6 364 437 75 456 771 454 354 226 116 695 690 119 131 271 608 376 171 67 788 270 724 440 563 661 250 780 445 621 47 615 614 775 166 202 1 17 29 48 3 723 546 154 432 492 504 292 426 473 711 598 718 293 680 631 264 147 653 653 110 156 65 174 197 572 441 311 517 459 284 192 229 278 508 225 86 113 293 388 66 402 358 504 694 61 478 509 597 422 54 228 151 426 601 685 166 562 536 557 619 645 3 19 695 423 500 188 687 110 330 10 473 662 92

986 989
874 529 481 247 796 580 750 417 37 603 507 186 791 223 460 310 749 42 309 910 439 784 258 849 948 728 350 718 886 344 593 533 699 148 278 971 855 846 205 118 636 224 226 689 661 31 378 192 589 719 593 644 798 555 704 583 309 799 350 620 358 205 828 126 973 824 817 49 546 121 149 850 780 931 649 224 79 691 292 759 893 665 293 381 452 821 555 741 919 800 540 974 721 917 947 271 70 491 410 306 267 626 888 975 720 390 234 729 918 426 158 882 349 950 917 612 635 505 722 644 55 986 944 610 232 972 358 247 353 285 459 363 282 911 584 584 437 198 621 692 478 492 112 274 254 21 129 77 866 869 642 291 962 71 600 521 37 414 496 149 501 549 660 190 543 45 652 324 917 130 983 897 23 102 836 539 339 850 944 652 15 967 585 807 617 47 61 820 386 982 269 313 397 811 118 507 426 739 421 930 781 718 227 428 106 955 102 70 213 247 970 347 142 435 469 479 200 338 766 671 832 914 669 474 878 45 18 245 133 418 683 629 457 649 708 607 692 595 513 460 255 356 261 37 414 651 103 921 885 477 221 559 337 527 16 711 22 8 148 663 527 229 153 846 98 193 139 694 792 538 697 854 160 2 339 121 577 62 862 429 316 462 781 124 414 253 431 382 617 522 468 478 742 429 38 197 114 335 255 579 18 156 243 967 102 623 865 543 470 812 626 411 955 62 813 912 781 811 953 886 31 278 641 694 749 267 65 530 807 682 573 100 371 84 588 500 307 726 164 538 244 136 884 315 765 717 872 56 192 436 985 122 339 596 739 363 606 709 478 481 853 896 167 646 174 791 599 917 625 555 385 924 74 517 93 937 804 215 152 828 680 241 485 293 256 365 672 6 1 368 240 744 628 4 376 256 861 139 659 235 858 940 761 16 31 885 612 366 606 69 456 489 949 779 947 853 452 179 575 636 675 424 521 230 756 237 619 413 85 806 521 804 724 721 693 97 171 201 111 775 887 298 469 245 72 29 53 265 489 539 875 354 831 936 186 820 918 317 663 889 309 544 513 637 863 93 749 805 604 177 50 272 495 23 846 288 304 322 240 907 690 271 921 187 876 78 47 315 405 682 703 555 161 699 333 66 804 71 541 62 100 854 788 758 839 477 619 230 103 614 368 89 162 377 326 311 203 41 359 123 666 852 154 59 472 833 679 688 710 870 833 766 521 510 10 36 73 687 517 303 453 480 365 323 816 298 17 666 493 792 770 27 830 552 577 318 89 96 485 205 705 219 404 591 167 141 156 279 672 83 526 511 691 715 147 382 504 160 23 204 802 274 89 229 61 792 634 119 371 585 808 761 239 118 38 284 704 705 174 335 730 572 801 800 168 799 111 282 157 224 121 745 525 638 45 548 223 739 130 414 583 420 652 340 349 180 250 492 295 271 140 766 62 601 729 263 341 12 654 109 10 338 263 437 299 31 275 722 396 102 598 446 570 48 521 186 511 68 471 610 383 127 714 306 6 502 335 467 679 580 408 414 729 438 190 573 556 132 93 268 595 686 96 103 640 286 223 306 418 219 60 227 607 666 184 257 456 373 144 89 266 340 211 13 481 352 462 130 151 174 463 70 373 451 641 358 559 266 544 102 157 155 45 601 138 116 151 218 446 269 405 176 395 208 453 491 408 612 504 150 231 612 233 493 362 139 609 24 521 638 653 499 212 311 532 39 106 141 96 439 156 555 525 317 450 564 271 605 579 409 198 4 89 41 527 372 361 176 191 522 353 223 298 228 236 530 490 518 361 456 351 17 468 130 550 86 503 206 525 370 321 280 483 312 201 446 203 361 595 338 69 240 300 549 125 315 328 134 114 443 79 468 505 175 147 520 12 232 97 136 351 201 400 241 361 442 518 360 264 315 308 202 448 545 63 516 378 157 118 504 375 326 551 39 429 416 442 363 459 357 178 500 61 413 161 322 485 172 531 100 6 375 467 129 289 257 424 42 456 456 444 255 161 263 21 502 7 186 112 127 193 229 282 331 46 250 287 112 311 217 31 341 358 28 269 147 300 360 316 115 39 434 89 188 27 68 459 322 446 450 186 236 411 150 352 328 46 292 95 180 130 46 347 208 381 244 281 381 320 405 459 411 11 443 191 34 384 103 303 291 90 133 12 256 183 155 78 328 158 181 194 428 421 409 427 57 192 124 204 116 10 293 167 170 47 22 91 410 54 416 26 265 416 262 28 167 34 112 173

971 980
24 470 12 118 509 22 544 757 5 764 139 361 502 463 932 732 676 759 111 909 743 925 609 341 381 882 767 620 850 821 930 699 675 588 105 213 506 971 192 437 121 587 519 828 203 694 91 389 481 542 90 69 383 350 186 346 932 377 925 318 120 85 867 608 311 85 98 720 46 856 136 386 226 74 232 451 499 266 50 407 109 456 504 96 270 799 30 61 902 422 395 937 613 242 885 942 964 502 365 910 478 229 613 563 902 709 971 738 739 113 512 487 640 808 184 838 889 167 156 398 672 183 835 936 878 673 818 169 771 348 472 70 773 788 136 192 840 329 570 473 848 488 720 303 554 637 246 812 821 809 384 247 481 346 539 347 351 278 9 644 723 97 608 907 855 756 366 267 694 590 26 241 104 730 618 655 485 325 566 69 682 533 823 843 694 453 877 922 440 146 610 515 955 841 291 195 687 519 11 349 85 329 598 376 32 714 802 206 38 636 104 126 739 603 630 171 57 950 685 752 288 670 430 75 363 366 950 298 709 25 271 272 372 311 480 734 251 809 119 196 7 895 921 411 584 707 526 646 689 255 363 58 841 429 124 210 720 97 589 317 751 481 193 903 584 404 232 561 504 653 32 722 721 111 947 655 361 103 415 670 359 804 842 398 585 963 163 482 884 927 361 741 714 455 340 311 154 519 868 287 305 216 894 890 356 517 503 370 188 929 217 91 531 506 530 432 530 79 370 648 541 514 245 155 297 849 892 295 762 797 513 836 555 659 319 561 731 71 971 741 951 201 82 172 559 941 814 779 189 693 153 264 620 235 385 36 101 847 575 383 590 194 566 447 777 542 961 65 957 133 639 227 294 916 832 674 112 328 962 779 725 685 561 597 7 132 757 679 814 210 100 686 24 384 82 443 437 439 204 303 718 637 303 12 486 733 2 7 74 652 293 771 852 889 624 806 853 927 736 663 248 61 814 304 102 944 497 831 347 780 409 141 413 209 687 510 71 847 702 733 92 485 546 81 637 765 958 162 338 244 515 228 706 5 926 971 322 217 296 313 316 279 961 969 526 970 221 161 568 38 899 618 857 680 782 902 882 653 741 89 306 768 36 608 96 780 761 291 907 715 672 477 715 36 139 161 729 864 484 374 280 657 80 829 810 557 952 886 148 110 226 129 479 475 620 597 615 698 155 952 489 173 142 73 822 342 118 660 239 291 276 282 779 321 680 828 801 268 738 90 105 489 519 671 245 569 26 767 602 152 212 716 717 515 923 42 880 850 915 888 257 607 323 968 605 395 85 588 507 296 90 937 939 461 587 580 230 397 47 123 148 151 500 669 627 498 668 845 632 647 12 517 45 967 359 227 286 377 34 768 646 749 808 159 689 380 789 34 482 468 541 112 472 42 423 592 3 890 831 798 609 50 245 925 547 717 584 226 822 618 259 573 492 404 507 709 339 426 789 699 518 896 220 314 270 141 120 806 462 966 28 458 347 570 271 587 685 286 371 552 315 844 224 808 242 247 145 35 281 571 563 218 482 36 700 150 246 963 640 270 90 970 318 760 681 174 264 137 201 360 172 190 798 613 966 392 317 549 888 862 890 882 178 880 52 274 103 622 850 734 555 760 224 727 668 784 530 416 692 369 957 865 486 31 612 371 917 175 605 295 179 159 470 753 780 740 648 262 9 683 133 770 538 228 217 347 732 940 946 447 950 565 736 219 253 252 687 760 420 678 658 89 157 665 556 538 402 119 77 40 441 482 692 179 445 438 251 640 279 309 816 585 94 886 54 406 719 685 403 196 179 843 248 844 327 372 702 731 15 52 654 720 36 373 22 703 552 205 766 329 269 475 128 486 33 531 396 463 409 196 284 353 502 205 724 668 791 499 254 363 189 780 697 147 968 40 503 146 851 496 662 371 955 98 836 43 573 462 815 362 537 80 131 870 650 485 576 310 201 399 349 17 952 85 126 505 911 930 352 844 909 744 104 770 608 60 966 402 679 812 378 954 867 896 503 665 808 523 34 34 660 737 831 861 965 213 259 800 584 960 8 692 320 841 115 19 844 448 212 571 260 256 947 466 372 354 334 697 918 923 940 400 836 566 200 303 511 532 931 607 126 849 106 646 613 717 27 6 735 477 329 500 231 526 654 467 256 513 429 364 542 592 685 381 751 797 152 816 549 126 376 789 453 248 56 346 544 129 186 852 835 888 59 530 164 527 355 221 522 673

986 977
635 588 472 754 193 800 933 264 957 359 187 936 466 510 138 974 384 288 867 271 68 212 38 599 515 877 23 513 851 142 485 363 808 872 985 754 961 643 958 677 867 865 965 146 973 196 666 110 64 453 558 958 754 98 920 368 263 693 131 92 576 618 177 709 296 149 982 108 897 930 564 834 792 713 728 265 384 227 648 732 140 449 403 809 825 842 719 474 269 973 930 269 180 404 478 825 345 470 564 774 361 646 18 449 510 48 613 913 246 658 685 879 508 115 195 395 362 737 875 364 14 295 243 525 850 871 268 779 769 560 893 7 652 839 591 573 972 325 819 650 881 2 332 696 573 926 118 282 662 929 783 681 545 765 563 85 421 316 156 208 818 77 233 976 238 348 246 688 749 941 133 972 125 177 902 762 954 961 467 634 112 187 239 922 982 881 448 723 403 710 270 120 487 853 691 33 968 379 956 907 920 749 595 410 341 790 495 103 112 832 73 877 470 467 379 310 106 73 225 907 308 512 732 38 774 714 264 368 919 98 533 284 635 60 302 246 627 895 229 698 598 655 13 279 72 633 581 961 82 472 394 275 788 478 463 592 902 742 898 450 206 871 748 467 568 499 678 229 240 583 656 120 822 684 884 857 978 74 322 369 420 926 150 616 243 580 974 571 628 132 470 547 834 981 983 597 943 87 86 119 646 749 482 421 698 144 76 13 429 172 955 488 654 49 698 186 382 159 788 149 140 203 621 308 334 739 667 542 713 324 873 229 453 45 154 677 140 57 362 75 290 658 814 580 61 82 510 884 376 837 531 561 298 444 961 385 350 454 746 336 796 79 678 890 506 469 80 574 319 408 15 596 94 775 379 267 120 983 739 853 174 150 692 526 953 982 426 78 366 767 460 173 648 359 717 975 504 51 228 36 950 366 906 297 930 956 211 227 674 285 504 660 439 230 701 633 495 726 330 202 149 394 179 182 632 942 895 87 370 827 446 767 599 222 754 938 847 371 227 90 922 846 44 398 672 162 73 197 119 398 118 80 178 344 198 233 727 326 217 675 768 662 797 672 733 638 924 633 284 277 673 389 350 487 651 749 51 104 559 986 196 181 163 648 914 921 7 40 307 417 844 260 437 527 193 279 313 546 327 821 228 423 587 202 628 867 40 927 466 164 191 629 928 862 617 100 403 940 591 235 521 652 70 906 61 886 283 864 144 358 896 448 41 132 247 479 922 446 319 792 174 587 666 32 148 40 559 792 707 574 710 241 319 260 583 790 298 476 260 280 726 742 598 948 476 655 636 863 916 345 50 93 211 155 476 150 231 906 540 43 389 870 337 80 83 312 920 389 87 611 133 812 361 141 98 108 750 116 120 65 807 9 873 615 229 254 704 593 879 837 564 184 647 151 86 441 760 731 249 306 882 311 540 652 85 930 709 731 977 220 891 44 377 251 114 570 927 982 305 590 862 463 840 453 246 288 759 413 361 265 651 820 159 196 802 602 221 116 664 109 790 527 530 678 830 277 533 838 345 398 548 725 55 532 793 693 64 36 680 151 731 447 274 915 814 68 809 310 979 705 947 981 331 91 778 260 8 102 775 675 436 467 980 182 598 507 960 279 749 937 258 844 722 25 107 163 960 700 211 601 91 115 776 915 573 754 445 953 953 401 176 709 235 677 50 433 377 503 476 450 740 661 614 597 446 560 787 415 565 454 349 873 864 379 891 799 99 185 582 905 665 595 739 832 132 531 782 191 572 34 89 143 411 910 431 896 535 14 891 255 430 548 850 223 337 316 247 823 643 106 656 197 7 742 276 312 221 835 309 883 863 728 402 349 236 835 104 650 743 763 300 344 300 221 292 506 82 864 484 752 543 389 175 642 775 798 138 578 378 102 112 688 425 298 321 409 796 657 104 108 291 573 399 576 799 267 651 36 597 187 435 327 669 134 42 490 21 245 560 64 802 638 96 269 752 432 163 519 807 26 235 795 411 158 756 609 177 421 82 256 69 8 247 136 712 388 422 271 441 368 82 207 77 451 113 643 273 203 161 159 146 450 148 9 74 186 705 3 174 660 712 115 743 769 531 462 641 502 477 396 686 339 748 462 315 554 517 612 423 409 477 100 413 278 506 100 355 618 502 487 248 173 193 508 121 364 275 526 107 450 37 319 93 685 565 571 726 237 463 174 692 238 490 249 173 338 424 264 180 713 662 163 437 500 330 135 422

999 996
424 660 71 399 334 463 896 820 348 606 57 390 471 180 485 273 311 945 719 676 559 105 497 212 964 18 44 27 986 19 993 192 507 853 801 324 664 949 951 559 157 48 497 77 283 956 876 108 215 800 912 492 518 751 628 581 384 15 702 914 977 810 993 979 905 320 249 802 824 410 728 785 262 776 480 989 164 767 270 48 557 280 678 623 161 753 169 343 740 482 332 528 311 200 220 734 826 400 629 147 517 154 811 925 882 306 292 417 634 831 423 451 813 682 772 287 789 763 523 277 496 802 104 649 363 496 514 246 272 672 421 294 81 194 21 747 817 679 963 593 360 420 309 38 403 628 318 265 59 720 352 84 380 983 342 310 104 435 55 509 493 775 45 760 158 508 39 44 838 86 457 815 792 482 331 86 94 60 640 250 16 991 287 531 3 993 611 52 438 357 686 76 895 568 309 663 537 983 803 797 486 235 756 973 977 78 312 234 98 125 403 78 873 851 716 757 993 948 527 566 213 190 284 248 662 497 934 145 709 7 737 738 782 988 78 647 280 383 311 642 243 302 832 42 233 943 632 132 906 449 24 120 321 709 453 914 41 543 560 289 665 909 167 887 56 875 803 659 381 436 386 688 387 923 565 95 841 42 59 140 2 487 588 18 308 738 241 970 310 145 76 948 573 137 708 843 555 280 826 277 196 729 101 240 835 348 744 773 934 633 578 546 448 404 207 807 241 256 227 768 396 338 587 435 774 354 301 97 32 249 119 596 774 589 904 799 73 365 278 78 706 425 523 143 395 350 820 755 413 696 874 546 761 244 524 324 592 455 448 681 170 738 582 999 701 14 225 60 405 905 468 677 452 349 6 376 49 932 743 499 655 272 217 552 695 408 825 458 398 488 392 341 115 122 296 766 102 626 870 336 497 204 164 619 24 844 187 132 442 430 272 739 444 583 157 178 657 623 262 662 692 742 392 115 254 911 72 219 488 770 56 18 165 243 262 332 492 618 407 527 829 135 4 334 314 165 893 198 914 917 723 143 87 555 320 541 761 429 18 125 388 600 34 899 535 124 390 430 487 199 448 775 144 474 620 895 527 437 624 350 195 624 715 346 894 747 207 102 414 726 168 45 915 26 312 36 909 295 334 704 493 855 23 177 782 478 152 300 744 233 635 608 842 49 32 182 361 282 529 517 807 267 852 846 148 588 261 627 811 606 501 940 487 904 491 218 976 269 459 822 14 743 457 925 793 508 489 598 562 711 532 755 852 618 983 770 521 625 484 51 14 165 911 499 736 136 265 317 120 784 965 740 619 394 116 164 642 175 754 55 778 313 591 923 523 539 874 326 543 189 618 716 309 743 655 637 432 322 620 857 664 423 88 882 14 562 250 157 284 450 566 804 544 830 41 276 53 558 720 807 113 71 280 236 610 15 750 321 308 775 352 429 750 582 851 185 810 450 49 959 500 843 573 847 873 724 628 480 704 15 565 172 353 717 383 865 245 637 913 178 790 585 336 28 368 713 136 194 93 922 730 361 954 833 725 245 227 7 507 180 870 996 172 177 837 767 844 488 812 162 233 594 579 644 917 259 874 993 929 116 407 878 485 394 163 846 953 496 685 21 645 255 20 157 48 291 445 181 753 592 353 566 348 425 778 734 842 916 282 285 528 228 236 179 321 347 575 969 417 101 198 752 394 838 170 605 519 174 135 37 560 217 851 374 381 430 873 326 110 321 286 604 432 291 851 391 167 293 680 903 923 874 466 47 79 931 541 885 460 209 835 128 73 462 387 921 510 694 214 32 425 453 460 889 569 392 6 132 790 777 906 661 184 904 319 492 224 421 79 109 457 684 603 692 186 249 366 372 94 163 417 557 576 815 213 104 869 879 506 244 48 77 41 229 555 222 424 774 264 296 425 489 535 264 798 347 454 775 756 307 446 595 311 143 39 175 174 270 456 573 696 186 688 682 496 363 755 327 522 373 420 610 418 115 637 393 709 331 612 373 195 165 29 554 397 568 790 521 123 489 335 581 673 708 524 277 365 335 168 383 237 435 415 468 15 122 13 238 648 122 631 79 374 328 259 530 681 611 165 80 198 497 637 571 259 347 697 405 137 709 725 525 558 527 190 266 97 132 765 406 683 103 335 75 762 509 644 572 85 270 82 618 282 669 709 418 543 123 32 717 229 72 34 235 60 360 583 390 401 192 152 169 86 402 181 224 621 594 28 648 168 399 540 225 248 7 285 689 640 80 567 519 78 17 550 167

994 985
659 712 687 214 585 640 740 342 471 580 129 282 968 272 275 765 20 75 708 286 825 414 437 218 60 872 877 943 525 506 198 634 848 249 639 690 264 126 612 587 677 68 121 327 171 349 19 670 541 232 883 510 211 241 89 137 464 263 248 8 981 773 690 313 186 641 161 535 864 984 578 902 340 247 388 91 772 329 595 61 83 177 557 686 302 789 897 242 152 589 441 10 681 75 633 53 248 11 963 17 871 729 876 958 353 579 265 707 899 50 267 781 94 440 191 860 634 209 812 594 392 179 682 712 1 822 365 23 382 472 917 230 370 540 970 729 297 334 272 421 728 453 290 417 126 287 172 670 491 90 647 207 423 791 631 737 821 644 266 698 974 261 773 453 623 324 491 896 875 241 657 494 90 850 975 453 180 121 32 820 650 657 260 493 346 450 863 507 124 910 64 923 247 611 986 657 142 647 601 386 576 73 950 609 749 428 633 790 992 482 942 133 283 484 320 68 112 971 144 224 856 88 75 336 712 897 669 712 407 456 888 375 232 142 575 54 330 89 568 19 379 65 142 34 393 532 605 924 88 707 34 480 988 235 858 155 511 235 541 141 209 136 410 163 632 660 265 570 413 577 616 767 480 665 270 868 121 518 114 724 291 992 612 468 292 99 261 448 793 158 417 527 11 362 942 315 751 736 740 366 714 806 620 534 173 110 650 891 246 99 575 178 186 568 578 587 484 904 256 43 203 945 490 423 817 894 16 353 739 118 586 294 743 140 576 915 755 409 382 934 572 801 819 752 61 838 860 851 468 662 793 45 846 492 6 819 504 138 26 48 812 494 875 646 706 187 710 156 253 433 24 723 647 724 152 116 23 837 560 167 288 675 790 31 488 99 393 804 196 503 124 38 565 652 133 486 228 863 179 154 181 704 845 674 15 708 263 317 639 231 446 525 267 196 124 92 712 225 397 695 557 151 767 121 621 115 496 696 26 772 611 107 720 447 677 752 172 258 795 436 621 721 264 750 661 707 349 678 554 374 229 496 507 607 678 363 344 370 731 597 549 383 313 413 231 376 74 368 153 104 514 241 249 427 57 42 609 629 577 746 551 128 590 33 141 545 670 727 130 40 197 293 607 221 41 721 401 603 364 138 51 107 457 669 345 180 767 333 473 724 281 295 329 511 726 618 240 64 465 145 30 357 29 628 435 613 441 16 118 561 727 458 626 665 493 331 636 512 412 345 183 93 23 260 692 613 561 334 240 152 35 194 114 278 587 413 620 358 454 617 569 550 93 196 356 268 369 415 110 643 139 394 647 259 420 71 633 651 273 165 625 572 425 462 147 383 606 59 558 642 437 235 393 33 600 137 31 226 656 530 498 122 162 466 368 266 423 114 521 623 152 274 576 592 419 293 638 489 656 639 27 92 460 586 44 464 418 74 58 357 104 472 376 117 221 334 152 18 149 318 341 457 392 206 253 308 368 7 142 400 139 173 131 35 317 224 230 148 234 344 416 474 563 549 449 347 339 432 193 334 81 119 337 362 122 29 142 513 159 313 505 389 570 196 370 533 428 480 451 411 197 172 201 580 139 541 212 314 11 69 540 300 528 134 269 374 164 43 59 381 431 273 466 252 531 31 78 48 422 104 238 168 34 37 434 35 80 515 229 421 486 504 385 410 47 148 291 159 462 89 148 285 333 464 163 222 11 57 81 290 125 38 88 422 250 42 98 465 265 242 171 35 18 371 225 10 415 380 290 306 395 44 334 499 192 97 32 150 492 448 318 125 395 451 377 6 336 476 10 162 378 212 360 329 161 259 147 166 93 414 206 358 31 402 11 38 333 158 350 67 463 80 291 184 324 87 98 331 156 115 451 131 96 382 17 32 383 134 89 381 145 139 377 371 17 437 138 26 19 328 11 284 292 220 269 190 14 101 178 424 268 240 277 143 47 29 10 200 38 197 301 395 347 58 178 392 31 221 31 257 231 17 264 49 94 258 194 130 87 149 88 292 209 269 87 262 370 126 245 129 379 331 151 108 157 42 19 200 150 58 228 95 287 277 142 352 342 124 212 254 65 101 334 360 2 124 141 346 337 201 263 281 348 27 177 137 20 52 244 293 196 208 52 213 3 167 336 94 101 15 105 273 162 27 92 184 259 152 221 106 308 55 134 122 163 193 242 39 66 83 190 231 47 310 36 45 113 107 89 295 6 135 292 184 52 232 54 22 75 294 96 71 236 34 30
